159.484293395705	-54.9089372635394	3.02385302722836
159.784370062832	-55.0223182853529	2.99131237605661
160.103968303696	-55.1066707802358	2.92003245748608
160.445297117969	-55.1763181028347	2.87763407256434
160.696964290277	-55.2914560557369	2.88630538792847
161.032859792511	-55.4644842303563	2.88739260907599
161.295387144508	-55.5620215089014	2.90838494803615
161.655113431908	-55.6308538118266	2.89998770916117
161.922086401327	-55.7062487401902	2.93985268953089
162.278260498566	-55.8433277791618	2.96735031148693
162.554757028581	-55.9058532189513	2.96251159264887
162.911326779146	-55.9391442136309	2.93734009263125
163.173146822795	-55.9833028896362	2.93046402449771
163.544754852785	-56.1011039031836	2.95424450603416
163.813036325685	-56.16286960632	2.98240171857108
164.195093456446	-56.2005510351054	2.98886550418751
164.441473262323	-56.2370171503508	2.9708737910915
164.792782424935	-56.3599138727056	2.95119918888251
165.019836120482	-56.4344906082782	2.90231331309752
165.3899207625	-56.5123535198409	2.81228481504172
165.643646329798	-56.5757508638892	2.75108230729355
165.968584240705	-56.7183821053327	2.78025192812644
166.223046463527	-56.8439215485789	2.84530865856472
166.531914007542	-56.9156753807528	2.84394782997236
166.857801419143	-56.9822224238137	2.8627353142305
167.11101916631	-57.0549695017123	2.9429854776678
167.437170575981	-57.1787762399485	2.99896747340809
167.720787747527	-57.2159413937576	2.96531913006028
168.079807451973	-57.2480271432294	2.90891085242424
168.3225109249	-57.2991763235936	2.92693183040641
168.689136436764	-57.4417384040976	2.92582923583372
168.905093325026	-57.4889269573745	2.89524187451027
169.293249239759	-57.5538391602976	2.84748013399052
169.530439428797	-57.6179366534106	2.84553599493235
169.802075997447	-57.7394483672182	2.8388090941596
170.105369010189	-57.8514273346831	2.81307425884465
170.384891030053	-57.897495974333	2.81244726718902
170.634795456852	-57.9710540280279	2.7707207700669
170.90688102961	-58.0994022061865	2.78220681898088
171.211099539038	-58.2398441005553	2.7700978581054
171.464637519464	-58.3183344734335	2.72939288164484
171.833497846643	-58.4374464872696	2.73482343626684
172.095965717581	-58.5746891490385	2.81377167454236
172.336331412865	-58.7010128233274	2.83620842769116
172.645843504247	-58.7846379877511	2.82838914058263
172.974215058565	-58.8529437993868	2.8100540888468
173.223596425235	-58.9408792653817	2.87207648307259
173.525014649658	-59.1007115640413	3.00003691407001
173.80903053344	-59.1713718273032	3.06804055225064
174.166369646906	-59.1955784519817	3.05015535499617
174.396146366983	-59.2466797941768	3.06012075536837
174.75758988017	-59.3709517129662	3.01495699848705
174.988692784268	-59.4035080692147	2.88191760711214
175.358524987299	-59.4692668639866	2.77147425324351
175.613001801173	-59.5370229555403	2.67372073141844
175.948200612233	-59.7230385804585	2.64959412132921
176.141582071133	-59.8229123252728	2.6466438309563
176.520269788622	-59.9477693638165	2.6227144725302
176.695950704109	-60.0353017931561	2.59465048782223
176.947951075831	-60.2188694655187	2.5939359605356
177.233962807177	-60.4113006758093	2.56262688838322
177.422529910076	-60.5486446008356	2.44041309259894
177.749620700258	-60.7409424970013	2.32558769630524
177.891792334257	-60.9902624805838	2.3022240989691
178.066376857514	-61.2433297719475	2.23367549401733
178.265842543607	-61.5044597300142	2.09238030968337
178.450991267779	-61.7239363740282	2.04631669954133
178.599947622858	-61.9749342785762	2.09668244428097
178.736480193724	-62.2938232564567	2.134681804668
178.903761334603	-62.5116646775362	2.14048992612282
179.129383154076	-62.7432857201604	2.12577809355023
179.285589670152	-62.9772327893013	2.16635986949381
179.427672423829	-63.2439561112149	2.14706331084157
179.586480707023	-63.4694885501327	2.06365876345235
179.810737648104	-63.7075452334472	1.94270781079519
179.916912391241	-63.9375923830806	1.8858016491508
179.988850581332	-64.2367235393694	1.89572759838989
180.064577087378	-64.4903305247614	1.92336248085747
180.247461134848	-64.7791267930258	1.89847037480186
180.33381546256	-65.002730452766	1.94432988063169
180.383030117414	-65.3481398306181	2.1298306435225
180.445398317592	-65.5786372656735	2.34563819607172
180.678557114988	-65.7759973451301	2.40479319018661
180.870390156458	-65.9238003673659	2.42811576815453
181.130846848516	-66.1223317983358	2.40651832647237
181.344052981249	-66.2568170314786	2.29944697101039
181.609606424365	-66.342119030503	2.09405086669745
181.822174665895	-66.4033169357539	1.81854994801448
181.979291613968	-66.5682025048159	1.6101319235755
182.034290937795	-66.8231324750806	1.48192297488795
182.054037351308	-67.053620744344	1.45112953645917
182.08683922962	-67.3594081396472	1.43797789584454
182.062516313156	-67.6002122898379	1.42157751134263
181.962103587646	-67.9082628672524	1.4186857663221
181.86739450756	-68.1646611846135	1.43236982940367
181.814060205895	-68.4988453256935	1.38506748480237
181.75026421007	-68.8092336344997	1.34701160095943
181.610800708009	-69.1574383534503	1.31546130951248
181.503836783954	-69.4414516763185	1.32806563573728
181.429319480413	-69.7748105275637	1.30277326455548
181.343653012153	-70.0613426191814	1.29267122164195
181.193091246502	-70.4133118191369	1.3041800732552
181.092626580606	-70.693907432622	1.34720707830824
181.046029980801	-71.0630433082457	1.34940765857661
180.996718831424	-71.3140189198598	1.37622925830386
180.862457394521	-71.6670133191378	1.40146503661155
180.787293614417	-71.9244342730158	1.4158586337213
180.777866324949	-72.2991503951299	1.37100258009411
180.735635769818	-72.5512741965565	1.38861709483738
180.645320214561	-72.8856936688402	1.43178555358143
180.59417763212	-73.1914362499114	1.41957536127182
180.591439364981	-73.5411938704409	1.36894212812018
180.552770978745	-73.8200016052107	1.30854129748978
180.407578381871	-74.1646579664486	1.31277412494192
180.320042849032	-74.3825507314372	1.30819206546415
180.248154435296	-74.7311780663972	1.28830534369583
180.191019603497	-74.9546433812969	1.29842778216723
180.068836684839	-75.2914657205885	1.3517817178285
179.954947086288	-75.5743739067613	1.37335823721358
179.893596518316	-75.9245010316255	1.33959828467357
179.831618447365	-76.214789721823	1.32203311891785
179.692697708534	-76.5941757932909	1.30460373663127
179.594577671988	-76.8862421160139	1.31968704981814
179.528885140444	-77.3476783798101	1.33699094710135
179.47581486061	-77.5970954204985	1.376232583951
179.33283086385	-78.0506514631304	1.42951340175536
179.267752047953	-78.3665143489126	1.36784362580871
179.218298035042	-78.7122445818189	1.29202398585276
179.102941574526	-79.0189504632289	1.29023463223352
178.943764940619	-79.4213040865296	1.23657680061965
178.857989289031	-79.7102645743072	1.07182900015737
178.762625084026	-80.0765871967727	0.802212924533373
178.517595449192	-80.3376905981465	0.663845509582468
178.27450358451	-80.5731953317608	0.562814180801404
178.005532908739	-80.8454039610131	0.500482903404016
177.780505495679	-81.0566031920634	0.429645384839335
177.444479754474	-81.2335397667679	0.432527904888436
177.192251875756	-81.3396977400206	0.404428660778338
176.899546855057	-81.5391283769623	0.351391705693789
176.653286827958	-81.6818408530261	0.276948506397599
176.334217897275	-81.7702023176476	0.272821211129911
176.056971115432	-81.8146164669486	0.274053878575859
175.731202331592	-81.9701735883499	0.23443143017631
175.492810191743	-82.0718632310057	0.171658624367711
175.173878611881	-82.1491161864818	0.166078224738341
174.863305939374	-82.1916230305592	0.1381981760571
174.544777430528	-82.2920438856651	0.102378903204115
174.251000502815	-82.385850697839	0.0803319717711367
173.934733838534	-82.4316198910794	0.135059934198044
173.62052815067	-82.449522903834	0.160298734870938
173.277351703558	-82.5166071251616	0.15022405825163
173.007684503236	-82.5724627551272	0.127723585333523
172.690132978187	-82.58060147276	0.150916190984662
172.374849527322	-82.5945231233026	0.169126369764225
172.040998545642	-82.6866387685081	0.161260120533692
171.792742673968	-82.7731530994336	0.139094457180942
171.471207173985	-82.8249164544199	0.210281491999243
171.148581169925	-82.8461215236432	0.289831235652316
170.809857441278	-82.9494774850237	0.2878577718606
170.547448781093	-83.0490977438034	0.225295082157564
170.214590642917	-83.1156285212	0.201098671382299
169.905001121225	-83.1514202723556	0.176168563512993
169.564928709653	-83.2602050974789	0.145143240348512
169.280371474683	-83.35849385706	0.0921799534707066
168.92097737878	-83.4053227826184	0.0943018826995524
168.625690884309	-83.4142509766235	0.0784962745933619
168.252681210928	-83.4811452394554	0.0129178203164242
167.962164103742	-83.4878657765668	-0.0884344106440794
167.593565066538	-83.4044100132151	-0.113643206974378
167.34652299572	-83.3098419723569	-0.0597063763141102
166.964222689813	-83.2652942111899	-0.103900339645978
166.683766751669	-83.2359264261452	-0.223721466857453
166.354473737877	-83.0983643025983	-0.263659894184415
166.084513775559	-82.9692857706386	-0.238285325670801
165.72540704653	-82.8819938241594	-0.237916482889261
165.471902814118	-82.8264291833374	-0.238754515557332
165.112249313714	-82.6732712497375	-0.215305913600444
164.801644645416	-82.5551184267174	-0.168357829016478
164.446899951326	-82.5213466313653	-0.159737278457632
164.158945847395	-82.4798764339172	-0.135517578910275
163.786709686082	-82.37908413072	-0.115133654274546
163.47298801984	-82.3307652444147	-0.113602969800763
163.129934775038	-82.3269393242832	-0.158114825762786
162.832673039608	-82.2753624799398	-0.210563408407749
162.52405169234	-82.1506903821717	-0.212824450109577
162.223599475824	-82.0520576582357	-0.238811637843823
161.893644451689	-81.9873837707032	-0.301583614735971
161.641976828302	-81.9120632112605	-0.319174563433569
161.306997738722	-81.7482007054565	-0.29631190019742
161.042951045774	-81.6404497117702	-0.248681607845036
160.68424312094	-81.5624255782875	-0.247013540547675
160.37532445331	-81.4940253680043	-0.271103974134181
159.996492860574	-81.3365381079219	-0.253940525090489
159.733772321327	-81.2470110754512	-0.217874773831597
159.32138788993	-81.1882950505601	-0.212605087798549
159.057730550008	-81.1399016401341	-0.166945695260804
158.66238907611	-81.0089003344467	-0.129501609699534
158.396521095367	-80.9539451188359	-0.116402376265815
157.948317633652	-80.90507134189	-0.163014236039124
157.681785073421	-80.8784376901974	-0.189390991537035
157.324832605776	-80.7471828944895	-0.192026781870921
157.044919558689	-80.6909374933857	-0.212766509294871
156.65177919298	-80.6331069153951	-0.238293506204596
156.397734312851	-80.5626212501984	-0.230026603877047
156.006250300622	-80.4168160656285	-0.258204355676203
155.764851131546	-80.3609627915417	-0.299140151478482
155.354877614927	-80.293276365573	-0.33296666901069
155.098807659474	-80.2244226417196	-0.300256013591947
154.725793168874	-80.082221908344	-0.263766032528542
154.482231425762	-80.0440491246697	-0.262668054719685
154.0720620169	-79.9924591207397	-0.321214777319924
153.832091421163	-79.9247258023851	-0.347315825188728
153.477716681307	-79.7566163816018	-0.343096629899936
153.218219742816	-79.6659064231401	-0.331828663951136
152.872497352407	-79.5751262441267	-0.315398949666223
152.605487681335	-79.4729845933507	-0.245057639549548
152.268228607581	-79.305159630096	-0.190991828436051
151.983725410176	-79.2314093612084	-0.158429551972618
151.620808248025	-79.201985312207	-0.156768537182788
151.323409591619	-79.1657921351782	-0.133055415068002
150.945710562813	-79.0424501941701	-0.10988024605725
150.640401696178	-79.011645604922	-0.132107712608228
150.285103774822	-79.0176706282424	-0.20910818379133
149.998202902292	-78.9515752386575	-0.25516338728175
149.684209639973	-78.8175598552575	-0.271825247879544
149.400655205997	-78.7373215555484	-0.286719454337773
149.063830067762	-78.6795921013204	-0.30304058704639
148.786023298402	-78.5881506456	-0.272775734636652
148.469012767999	-78.4436299368837	-0.26710436962367
148.206024682037	-78.3427199552198	-0.237857686106678
147.849661190121	-78.2962711434155	-0.252790531188373
147.580354989595	-78.2496143679969	-0.25579842730051
147.256628343216	-78.142969310424	-0.180422470107265
146.99124863116	-78.0455766943974	-0.105799836752276
146.63666420475	-77.996687454802	-0.147775859749769
146.342029318105	-77.9630592819512	-0.227373687865121
146.010497175645	-77.8480301999314	-0.204747147583096
145.738951339274	-77.7306911939169	-0.168635813863234
145.410482797103	-77.6773386341814	-0.210625776154326
145.119481570656	-77.650144970263	-0.234152460768091
144.829989276868	-77.5748030429724	-0.14899758637863
144.514684047565	-77.4541100032177	-0.1000095730455
144.248914445232	-77.3949239240153	-0.124941387257945
143.915066207811	-77.3380180120572	-0.211924562051607
143.651580436891	-77.259854629959	-0.255499845057928
143.340990108516	-77.0842423512363	-0.26527580857014
143.118601904069	-76.9705159421484	-0.230783787415991
142.783266310543	-76.8924491622553	-0.263825724332295
142.521513251613	-76.8214953772024	-0.256378634184201
142.191851624748	-76.7047534766304	-0.172288594114225
141.917791609558	-76.5952132827924	-0.0894718829932409
141.579445561913	-76.5554857282183	-0.124510038254337
141.291751147538	-76.5443786260962	-0.184168952035617
140.977851288665	-76.4744098143297	-0.158229403207345
140.678062293904	-76.3864263602418	-0.14562728137422
140.380406312381	-76.3570934470504	-0.18718754223294
140.052646055441	-76.3595996277384	-0.239250076242709
139.785085144225	-76.3094986066915	-0.224389680703499
139.466751507982	-76.1888188148654	-0.203477061383118
139.202645258769	-76.1164252372448	-0.192344747588303
138.82887817355	-76.0620351370598	-0.225419841633369
138.575077787355	-76.0062028772235	-0.23941092581974
138.209850792097	-75.8504870617248	-0.215620163009649
137.921015170346	-75.7483639710235	-0.169707940746257
137.544919085588	-75.7131407574553	-0.180295698041069
137.294518032864	-75.6559390846164	-0.163233934180302
136.922868341971	-75.5145645310588	-0.173388374465948
136.645244585014	-75.4406156899043	-0.154056360015159
136.285359244586	-75.4157225047006	-0.198631264867874
136.005122474404	-75.3525388458298	-0.196485673931645
135.648084795033	-75.1849744361429	-0.18772811001215
135.390898855279	-75.0878660139358	-0.153701337382391
135.014969148665	-75.0343599617425	-0.214814430133486
134.746935911692	-74.9842129713264	-0.21020727098843
134.373333545008	-74.8533145296925	-0.169883004660491
134.059909260358	-74.7712682131674	-0.149361893062129
133.683428903384	-74.7529099513344	-0.23168972111827
133.381391174033	-74.7033035822907	-0.246042383550675
133.047456528816	-74.5694574295519	-0.284063551763481
132.72719912979	-74.5140611313012	-0.35738743985533
132.414684562683	-74.4719615695262	-0.44951598317526
132.163328990101	-74.3744805394128	-0.425386379032874
131.8969707443	-74.1805020132113	-0.428183726674342
131.623866925729	-74.0814758742208	-0.479316690210956
131.310214710745	-73.9741914548589	-0.493093103265159
131.061460421493	-73.8423372315948	-0.381707521498702
130.816552334002	-73.6839113414528	-0.353589096845605
130.544371176444	-73.5980135600198	-0.397966393744905
130.268050667366	-73.5092073874048	-0.554514171580704
130.00745088856	-73.3376659612518	-0.679680130357026
129.774638293246	-73.1048798745713	-0.834064654856819
129.5005006362	-72.8652609612606	-0.989236825023862
129.28911706562	-72.6578603461462	-1.10878004545588
129.122728375079	-72.3531397429342	-1.13084846779923
129.013369344798	-72.08037975575	-1.17846052971216
128.842218933623	-71.7579718594725	-1.24254857894855
128.71281462062	-71.5093023692679	-1.33330167398092
128.631787998329	-71.1501640703694	-1.38582303082935
128.59982230431	-70.8496188107588	-1.48515877738088
128.520749520876	-70.4980624097928	-1.61553958779624
128.47854251093	-70.2263342250074	-1.73528463730578
128.538603184327	-69.8524348772944	-1.78501218145735
128.59830975523	-69.6061427664282	-1.82645694878293
128.62075363336	-69.2487586543567	-1.92391877617903
128.642770304832	-69.0166277312591	-1.99091178019667
128.770848242435	-68.687293119518	-1.98139106376733
128.90573458335	-68.4429868039361	-2.01567621778372
129.014810802037	-68.1621520189228	-2.09010595435788
129.124608046562	-67.8592447623677	-2.19286088791186
129.283900419296	-67.6434540048431	-2.20312850630698
129.498287326774	-67.4037567349276	-2.27037173831532
129.673959866252	-67.1798378022616	-2.36246078349349
129.841054343341	-66.9256022259305	-2.51204494466615
130.062201039892	-66.7576289223143	-2.57607839213104
130.352828871814	-66.6315702274485	-2.6387695380974
130.547732095825	-66.5340370191542	-2.73191189025786
130.780908039525	-66.3378644674337	-2.95370544791786
130.988816296271	-66.2221557444043	3.07408265734581
131.313514012389	-66.2300232397293	2.8319439982888
131.575235136763	-66.2554219018129	2.53891286369273
131.936048035135	-66.3279065890047	2.19972464640685
132.146464491025	-66.413845781005	1.94096590818548
132.302430569881	-66.6353479924145	1.78784885108013
132.395817609265	-66.8767280979317	1.62435689359413
132.515790683734	-67.1788933464078	1.4534751875174
132.569502279918	-67.4361127342959	1.36424202704564
132.532906853347	-67.690376174487	1.3667533462207
132.446522152229	-67.9955203533941	1.42019055684324
132.413409379062	-68.1994034039795	1.45825748147391
132.374138394067	-68.528989565711	1.53094452177938
132.30108806437	-68.7262711575568	1.66403441181243
132.208900758454	-69.0585417833556	1.79518428377275
132.215601957723	-69.2801250718722	1.94568674821419
132.320795882056	-69.5383455726535	2.05869683917374
132.357397640095	-69.7806662262833	2.27801069556631
132.506292940633	-70.0593480641981	2.42715835176511
132.637471459378	-70.2417972564053	2.54914346484416
132.899610261148	-70.4262968637687	2.57320257611813
133.077370785025	-70.5602046729343	2.62843369662899
133.294912449353	-70.7665275703868	2.68778476121778
133.483574115383	-70.9499873496922	2.78242055329452
133.733356640457	-71.0594555632496	2.82263723189862
133.979657113793	-71.1482342221555	2.93878146988279
134.214203980663	-71.2557662424819	3.1001573927145
134.461234593248	-71.3394798506671	-3.06295050071411
134.699073771179	-71.3610843888083	-2.93101900246894
134.969215645758	-71.2936905219206	-2.85370021873334
135.175056411947	-71.2904772692021	-2.71812814143559
135.444441855162	-71.2404146719855	-2.61993799380646
135.68274578569	-71.2023981175244	-2.4859259681053
135.891186484287	-71.0755475273821	-2.45357495384539
136.100483969659	-70.915738184827	-2.38733389917254
136.312428110128	-70.8156755904786	-2.21421221148214
136.555110061854	-70.6971902157696	-2.09246109359997
136.753751677545	-70.5886265819348	-1.89583753221321
136.886027232293	-70.3687473919607	-1.83176386688941
137.009575445784	-70.1844093170553	-1.63319720043591
137.108450272305	-69.9574187761384	-1.40749631469025
137.184724597329	-69.6638900952135	-1.20923154768494
137.167073738054	-69.421326818466	-1.00800760121183
137.023909044152	-69.1604248111749	-0.936123114330492
136.933312014358	-68.9173411606097	-0.852431879943421
136.823682719551	-68.631206675485	-0.822425251824082
136.698128600065	-68.4371700099324	-0.768401561056671
136.485386842893	-68.2379567782724	-0.768345925557447
136.316056785801	-68.0721786853449	-0.737962868816441
136.118605234534	-67.8438659757123	-0.698917684385032
135.971077543109	-67.6750404774622	-0.704122638959405
135.720547684552	-67.512937672699	-0.815492461834536
135.509903711772	-67.3713579434413	-0.993899726695541
135.366259277614	-67.2009137590394	-1.0745415055344
135.252688023411	-66.9474258325831	-1.20368727499541
135.158037960023	-66.7639107683332	-1.36860310503875
135.025350637896	-66.4966960769483	-1.53914499774401
135.006039037252	-66.2979836587909	-1.62073359548201
135.091033603686	-66.006282244101	-1.66815141981675
135.177782305986	-65.7900938737908	-1.67834673321169
135.236992193664	-65.514713749784	-1.73128614258103
135.314747302677	-65.2459005527871	-1.78090997732927
135.454615554499	-64.9711066278487	-1.80427396065242
135.597384020556	-64.7318671840581	-1.7089181700857
135.670296723308	-64.3887844300303	-1.67095471709405
135.737949620849	-64.1409573251701	-1.61247598544282
135.850556485083	-63.8130789027098	-1.55565852376283
135.904699876588	-63.5698042604231	-1.47298155458459
135.882207528599	-63.2492684709073	-1.4797807155791
135.857655425491	-63.0110734176154	-1.45851450462263
135.862891049504	-62.6935928133442	-1.41561826622097
135.864895926558	-62.4211907012895	-1.39100136150641
135.802359122412	-62.104113055198	-1.43561642672292
135.755451710051	-61.8471972344875	-1.45375378250139
135.76065264737	-61.5234505013842	-1.43187716691378
135.782657815864	-61.2470519082697	-1.3939959143318
135.751883268031	-60.9157816459448	-1.44065361543308
135.732089082115	-60.6289185461819	-1.46538084171716
135.756882467696	-60.2733658901275	-1.46966989122542
135.80729419365	-59.9838563854257	-1.42425778457718
135.772952861979	-59.6426345280602	-1.44869605605097
135.751272701798	-59.3593879743759	-1.42034163300397
135.754245364065	-58.9740319013349	-1.37515698907727
135.760292580015	-58.6908560940127	-1.29897749539862
135.665675605503	-58.348194278005	-1.3492721441068
135.574793465442	-58.0834844424959	-1.42358685179662
135.541127416691	-57.7749397060848	-1.43984037884045
135.508074831676	-57.4977177024765	-1.43834655350454
135.405952581963	-57.1652821790526	-1.50624268921337
135.352500790435	-56.939902476281	-1.57808064722559
135.387209918308	-56.6492687460357	-1.60337330353908
135.455944732664	-56.3547718783234	-1.63434333666624
135.479116521114	-56.0780234088509	-1.72008999622574
135.516817845292	-55.7572924103495	-1.74059359167445
135.605763507007	-55.4574988328489	-1.6958259020615
135.723867664992	-55.153105114268	-1.67031244947348
135.753796906118	-54.8182504951626	-1.7491828905719
135.806182080147	-54.5305982946313	-1.85980845344954
135.943623816615	-54.1816602180433	-1.98918383893035
136.038704096022	-53.9236862953538	-2.16020767985505
136.128581643218	-53.5950564220746	-2.41213531257894
136.317423969135	-53.3917609258537	-2.59363543850857
136.586173246229	-53.2620734583456	-2.80355474238068
136.834799125105	-53.1635738827074	-3.02988952083129
137.142674595482	-53.0778236356826	3.0979578891056
137.42479390905	-53.0822017319106	3.04857458747716
137.738880096827	-53.1847634683266	3.00821703390383
138.048975311901	-53.2256164461455	2.95825363662631
138.378489563314	-53.2337532779361	2.87892952968167
138.685480529181	-53.3122933649221	2.90182450751281
138.987923395218	-53.4218323581785	2.86611855838506
139.33950586776	-53.4609374025611	2.69982275793195
139.60346316811	-53.5147859638616	2.48762054427688
139.874124933844	-53.7103944940369	2.36216743218561
140.062719001716	-53.9080591134495	2.21146593910057
140.317425263951	-54.1326387882465	2.00355142283729
140.443678009841	-54.3636810069946	1.82937551564687
140.451300984631	-54.7342213848379	1.74391375302264
140.454544398191	-55.0396882881424	1.71339934024755
140.505841540236	-55.4047392326784	1.6249681242711
140.477640705141	-55.7475876479965	1.63872817073402
140.424683227455	-56.095343936292	1.66946537179585
140.432051820214	-56.4735166584029	1.67582552602197
140.457759182578	-56.7983029826002	1.69383256064347
140.43911344633	-57.1945841214158	1.74087777253623
140.414281503743	-57.4837829458468	1.78261651506899
140.456405854832	-57.8515008482666	1.77589789602343
140.442099252613	-58.1439511669024	1.91181761727844
140.434053862116	-58.5109226580755	2.07435359777675
140.46732928241	-58.7734825597725	2.25635757584682
140.700518944001	-59.0589957445872	2.31031724222166
140.827738567954	-59.307335142543	2.40456048341086
141.007763371267	-59.5996232270137	2.49390517473588
141.216549578881	-59.8220742250469	2.53038457105559
141.475311113019	-60.0225821029647	2.47716294912774
141.682970163114	-60.2312663922873	2.53626435118714
141.897803615867	-60.4879833345849	2.5978093262619
142.122100516152	-60.6718845855082	2.68476653389405
142.401009314915	-60.8105181931858	2.65953820559462
142.598019607865	-60.9435649588775	2.68416431493899
142.85533590246	-61.1757901270885	2.72296061923267
143.026713403867	-61.318974958545	2.82093571664699
143.311883628077	-61.4439950680306	2.80659668097518
143.535742168626	-61.5371271672415	2.88928151270653
143.791677799735	-61.685911536767	3.03345856278544
144.028899264961	-61.8280736707714	-2.99391593611351
144.32254474727	-61.8510501551697	-2.83696914553163
144.563726980682	-61.8030710205866	-2.68342640118415
144.857424771068	-61.7507487108395	-2.48357537415216
145.101374313078	-61.6725781237396	-2.30979551226454
145.304848460024	-61.5400289528414	-2.16912635305615
145.480114178048	-61.3025677118159	-2.15033387509488
145.625171548505	-61.1308537775918	-2.08210864702307
145.809981099645	-60.905167996337	-2.10892795340473
145.940230413422	-60.7460532902602	-2.24314723220334
146.095664903845	-60.532558967438	-2.55066690055172
146.224104910756	-60.3001892553179	-2.92561328883058
146.451928591245	-60.208094557721	3.13627726555753
146.726489047369	-60.2139016988693	2.96235667677603
146.952325841013	-60.2518174826812	2.82963471414547
147.280441645097	-60.3177769330337	2.6995350469933
147.499232742108	-60.4458368796437	2.64493997690137
147.74829776747	-60.6655808871576	2.61384872538208
147.977142754704	-60.8228794512566	2.65900821830903
148.276707628571	-60.9658946273519	2.64184378999724
148.494368384714	-61.1118997528983	2.69118680764203
148.773145793528	-61.3194642353253	2.75481426075307
148.988176745809	-61.4674922919031	2.80837224978109
149.295786462414	-61.5697071161674	2.75574973893612
149.551960369496	-61.6963315705882	2.75898283476233
149.829401403974	-61.8574946574733	2.79055016547727
150.078556843589	-62.0114569162373	2.8473428360336
150.403237666505	-62.1042029567854	2.82051530058558
150.655680915544	-62.2146207454833	2.80833276781579
150.939666743702	-62.381218977525	2.78846981153678
151.198732962271	-62.5284981661221	2.78447037843114
151.506841540202	-62.6412006216699	2.66503590898638
151.750829511963	-62.7546051361829	2.5770660415075
152.030715868626	-62.9756750828027	2.57249174756942
152.214011361805	-63.1412063612337	2.62147900348955
152.519521122334	-63.3374849039478	2.5700518571402
152.723414850093	-63.4665640000032	2.54778547490208
152.985109394051	-63.698750950149	2.60380598101756
153.208136746488	-63.9112977152805	2.75229814004653
153.487108738308	-64.0639896394902	2.77280040033735
153.754761898713	-64.1821941975541	2.80195680374401
154.033324532404	-64.3696123317227	2.87280577178969
154.267124175519	-64.5371472699496	2.99398087378422
154.546269045683	-64.6403614721177	2.99263160683755
154.833004868768	-64.7003554823324	2.97513962081447
155.095211000274	-64.7919084487281	3.04266032246079
155.385994969792	-64.9307668055337	3.12074289655149
155.640540498918	-64.9873867064699	-3.11020065675843
155.95335935211	-64.9652353428772	3.12728952301512
156.186996754016	-65.0096376999747	3.11937953960909
156.522682831094	-65.0825687752885	3.09671214321345
156.737792367193	-65.1552851438126	3.05729819075241
157.103776861579	-65.1797424695902	2.97442818452852
157.358809231555	-65.2316330539344	2.85044846015957
157.675652881843	-65.3719987279597	2.80364861259974
157.916255824634	-65.5098232454777	2.84233802441883
158.208912871351	-65.6401158621882	2.79192184377311
158.499189319884	-65.720906181247	2.72222335357798
158.76397055802	-65.8980957157645	2.7283268634901
158.995687928119	-66.0696282642222	2.73723143590818
159.265948247877	-66.2127261629419	2.69648270414529
159.574982365096	-66.3269547951977	2.62165005515913
159.812310803435	-66.5126625670527	2.66977109034615
160.037267803576	-66.739496727081	2.69226532073312
160.261583540302	-66.9198887537565	2.71731942862608
160.568164402332	-67.0604123533963	2.66745630275177
160.777459301905	-67.227110807522	2.67871417788699
161.059951724282	-67.451513292515	2.72411483425452
161.27374834543	-67.6253410508119	2.83089156959268
161.590317858682	-67.7612555312402	2.79702741334396
161.828029431699	-67.8780007300963	2.77923233431202
162.11419106823	-68.0515729971972	2.80683026000355
162.350585205755	-68.2034439675943	2.95977091770255
162.671585479078	-68.2950261631125	3.0132320367496
162.922558927642	-68.3592670616246	3.07571421210371
163.229988440011	-68.451279767908	-3.10128193693023
163.475029042302	-68.5400512961844	-2.91947154708467
163.758103812256	-68.5416518920905	-2.81537513495525
164.073826265202	-68.4377938731256	-2.75743178554699
164.321360037667	-68.420872834945	-2.64521881857555
164.676262308966	-68.3144688872804	-2.53610073499071
164.914749730154	-68.240934236731	-2.42083724624097
165.185569383797	-68.0093665109584	-2.43189375949135
165.412995090039	-67.9089744846865	-2.38919163699773
165.777262263966	-67.7217443691931	-2.35382640972481
165.975789487255	-67.6268512639279	-2.32710354238198
166.213808452256	-67.4168397979557	-2.4553253491322
166.41021941381	-67.2680507228353	-2.57707314502816
166.674136001894	-67.190938061264	-2.63840283507276
166.960556038591	-67.0883892495649	-2.68216411937999
167.206314641526	-66.9909515121508	-2.80789275994722
167.467945960911	-66.8607337014103	-2.99739501618239
167.705561745206	-66.8442341917819	-3.08476969447442
168.01669954201	-66.8808545675172	3.08199141451409
168.268845437812	-66.9107146187159	2.98182897793421
168.597942400441	-66.9245452695183	2.85027343332794
168.832255274699	-66.9879757487896	2.76426789580625
169.138411226832	-67.1269573727645	2.73008825933404
169.371229343792	-67.2841768362789	2.7481917629371
169.681399326966	-67.4033209093408	2.71638716225602
169.898655418876	-67.5214619598367	2.66073510402299
170.168672070808	-67.713413175046	2.66279084763571
170.386936886358	-67.9239388368615	2.64215900210441
170.635483528427	-68.0855507957421	2.58469051538993
170.911224613554	-68.2425860947546	2.48287929511531
171.114005385335	-68.4039084393742	2.45899524717607
171.342456320632	-68.6506094684364	2.45103875409293
171.510437030005	-68.7925004087052	2.42489146173302
171.793940402649	-68.9525472086063	2.33090340631605
171.952475335159	-69.0710080835189	2.28534782839241
172.107884145951	-69.2691034537717	2.2842263872272
172.277630623741	-69.5012581810454	2.24541045906095
172.450284369041	-69.6450316768027	2.10401116540029
172.646867049765	-69.7775374937593	1.82034690220058
172.727385772499	-69.8714682903604	1.55774259062068
172.717733716114	-70.0893971744984	1.32234601503076
172.677035850823	-70.2373478356502	1.00076569537818
172.598013300119	-70.407296596153	0.596849008203082
172.39281517	-70.5876436746122	0.231921519221667
172.200922141608	-70.6625948276554	0.0342386919739516
171.908667635086	-70.6421361085676	-0.0615030348012351
171.687667558607	-70.6201989292896	-0.116441895760508
171.377252738687	-70.6071105193155	-0.191458642026267
171.128740985173	-70.5728206025405	-0.205585655147627
170.867236571739	-70.4847420533228	-0.14795387096117
170.625892845596	-70.3799826654139	-0.128677164704463
170.330323715794	-70.3258957748735	-0.16193671999572
170.054984143897	-70.2955179949989	-0.197151637364576
169.769800667096	-70.1940476954566	-0.175062437266002
169.508417394338	-70.0848503353393	-0.105017195550192
169.222659553688	-70.0532200662217	-0.0619981889369559
168.968110592773	-70.0436672282558	-0.0310469493733347
168.698026323374	-69.991648002072	0.038833914551762
168.424010261648	-69.9219156870932	0.1574922542898
168.175813746277	-69.9136324820244	0.255390441239491
167.887796120439	-69.9829428469497	0.320270887776684
167.662045967577	-70.0093436323941	0.402495724622498
167.335710079066	-70.0661915738903	0.470812998332227
167.121463381359	-70.1316981983582	0.596210243715227
166.856453967174	-70.3302420465096	0.65455101412389
166.670782944583	-70.4509696030152	0.69413620131705
166.396284271386	-70.5950958314323	0.738826012997841
166.136066894007	-70.7976969377322	0.865150859680146
165.956699882667	-70.9754036182492	0.923239549705847
165.804933788352	-71.1922883163581	0.997279086813863
165.614299443107	-71.4226480399559	1.09386973525318
165.414382457319	-71.6868658452887	1.19202865736879
165.257804677413	-71.9577041187639	1.23774323563145
165.159688943327	-72.2362720171468	1.27230919492185
165.017187042268	-72.4934898706494	1.36094572705881
164.864793582545	-72.7900368752468	1.38973702866972
164.739490330639	-73.0581795500511	1.39340458100892
164.68678539791	-73.3549648277773	1.43222488037054
164.59759446442	-73.6430333077293	1.57240743306592
164.545956240528	-73.9291505628212	1.69688669304435
164.53692166751	-74.2050224330589	1.77145286656212
164.636721251009	-74.5186671071445	1.76394599177178
164.649364988283	-74.794813127876	1.75113353883328
164.632705420849	-75.1181711240732	1.75547018165647
164.650523652352	-75.354483307368	1.75073269845194
164.772143588783	-75.6601064637179	1.67711011550782
164.819686187896	-75.8777852172533	1.61877366574024
164.828311518121	-76.1649492606969	1.62978209177668
164.780857240664	-76.4184511087869	1.69260011928566
164.829255587949	-76.7029986738628	1.63525313105923
164.909246506917	-76.9702009113727	1.42309973824955
164.889087493581	-77.2191600727843	1.35267049247793
164.777477851868	-77.5004774661105	1.42282325128993
164.706917631966	-77.698960221114	1.50729581629232
164.692872453976	-78.0747092194698	1.45119376851855
164.674055053179	-78.2587375078087	1.38647945217532
164.581879367735	-78.5932809343093	1.36848180519683
164.498057548711	-78.8541921572206	1.37422812563085
164.464979698029	-79.1288667164	1.28340670188322
164.435580622387	-79.4324670852718	1.12950848744935
164.296257715051	-79.7408459330315	1.05652872216533
164.19537453355	-79.9611016509668	0.974199626089661
164.106884064732	-80.2857537685137	0.80220422374553
164.003578805068	-80.5746509477541	0.557109823253956
163.791536942191	-80.6999232349128	0.425466847288664
163.537123167398	-80.8463542039617	0.251557226215072
163.261293295432	-80.9691268735559	0.0848672730389285
162.998892542066	-81.06078576773	-0.0709851749950933
162.683476259121	-81.0663750120506	-0.125863689449601
162.395332184843	-81.0159211157878	-0.1033792548975
162.049131003372	-80.9970468146049	-0.0746144497439066
161.722897895143	-81.0172154599707	-0.128798812836874
161.431267792184	-80.9617847454934	-0.134865742144122
161.117773250775	-80.8559171348985	-0.137906850379641
160.808302644234	-80.7882078149883	-0.187652426170309
160.498952870894	-80.7408970029657	-0.241305597861435
160.173232868323	-80.6307974840186	-0.228718392780828
159.855420042145	-80.4877630119221	-0.195667306411186
159.521643121465	-80.3954423231483	-0.226996626069532
159.189506701743	-80.3384409712834	-0.226345684778615
158.872152411202	-80.2281395599129	-0.192895319565236
158.540456537969	-80.1147055580281	-0.159281652231871
158.177138363276	-80.0591709901218	-0.178810782653311
157.873294337943	-80.0416581830923	-0.174487101742762
157.498013042706	-79.9720521604434	-0.129454009030414
157.188528416923	-79.9016969888969	-0.098971410932051
156.783282792196	-79.9070980597255	-0.168010435024489
156.533319928999	-79.9121215007272	-0.306487194111064
156.14007212829	-79.8088787258682	-0.34397463483885
155.877514169526	-79.7087122041509	-0.322776073491526
155.529347416916	-79.6382858744264	-0.332596013121801
155.235145435916	-79.5706585894773	-0.353352985446273
154.855811251874	-79.4210257652414	-0.325936658360076
154.60786016248	-79.3298815473535	-0.279846412164487
154.20309804066	-79.2531490135583	-0.308176440184927
153.960292267635	-79.1855799322773	-0.374286966971646
153.587601426406	-79.007315685483	-0.434505942917688
153.361035485415	-78.8793778427499	-0.495457145320646
152.976765233044	-78.7528020704957	-0.650603361726806
152.787989632049	-78.6429837820997	-0.77910826367064
152.50714715827	-78.3813639954638	-0.898785133377365
152.369001579398	-78.2115674377315	-1.04053674670834
152.160407578126	-77.9686265723332	-1.21426091790364
152.002181146796	-77.7646296339091	-1.45674476346099
151.941954790638	-77.4293097907133	-1.55521719337148
151.958681660944	-77.1526659472507	-1.59975064241393
151.950476630762	-76.8241909347728	-1.67519144111458
151.958090173503	-76.5298669615135	-1.76737770764029
152.049971624956	-76.1657088166116	-1.81849185958808
152.136896517239	-75.8860482461596	-1.8115192514823
152.212593510288	-75.4875010641607	-1.79720792497754
152.260691074659	-75.2014276089671	-1.7825542516482
152.378031265887	-74.8720812192637	-1.76607889203004
152.49174844933	-74.5772559710015	-1.74546724352648
152.564715165199	-74.2279638172614	-1.77709848233908
152.615732865744	-73.9683023200088	-1.79726329108302
152.739737506889	-73.6478394265778	-1.77928375626868
152.864417436306	-73.349771207643	-1.77623580959721
152.955873124672	-73.0053322229328	-1.82653818417248
153.021439975808	-72.7331766775207	-1.88146382109323
153.191056120059	-72.3832131196837	-1.87415445754501
153.338757335579	-72.1319166517472	-1.82639257110461
153.462015976286	-71.7828033612006	-1.82856762433237
153.538509415749	-71.4892245159086	-1.74432555350134
153.65878028701	-71.174479199926	-1.60557715947147
153.786583650868	-70.8786719014883	-1.44646516517613
153.822864201571	-70.5387050239464	-1.39965663128244
153.803271831447	-70.2533962388204	-1.34365845754359
153.816347348787	-69.9154700936715	-1.24366555009029
153.817143794765	-69.5743435067014	-1.10589321782923
153.718562363018	-69.2529181003357	-1.02769211803507
153.553275511533	-68.9804064736691	-0.965093633627977
153.418724485658	-68.680223018619	-0.869148313748138
153.261275343356	-68.3754599447218	-0.77739244597185
153.059457970616	-68.1168795298904	-0.729233678329675
152.825440715135	-67.8965241963048	-0.697974732770312
152.620407012052	-67.6549588808441	-0.63689448647636
152.390470322965	-67.4058217810059	-0.609554623446833
152.16696921271	-67.185486538278	-0.610143664630072
151.892725876193	-66.984335247146	-0.708063944011568
151.667731703738	-66.7727151445088	-0.754010558870963
151.45505371455	-66.4984142274006	-0.764470324148727
151.270889928317	-66.2760768095111	-0.769951215238626
150.971919850141	-66.0310299994898	-0.823803558787286
150.796816159131	-65.8225619127292	-0.831264083110137
150.592136026972	-65.528503638172	-0.842494588872443
150.425215297551	-65.305223063084	-0.833303238573195
150.170843962295	-65.0566850950561	-0.864850118250987