-0.0162294814933719	0.0179609160239694	-0.00526209920026556
0	0	0
0	0	0
0	0	0
0	0	0
0	0	0
0	0	0
0	0	0
0	0	0
0	0	0
0	0	0
0	0	0
0	0	0
0	0	0
0	0	0
0	0	0
0	0	0
0	0	0
0	0	0
0	0	0
0	0	0
0	0	0
0	0	0
0	0	0
0	0	0
0.0446400522092385	-0.00475216280364504	-0.0231600248920216
0.330548847863646	-0.031915472959039	-0.144371028481068
0.503825901285035	0.00785906295770554	-0.193538023023428
0.0185926055712571	0.00451402318647245	-0.499392616546934
0.0146472174601906	-0.00364505064764246	-0.638887149737681
0.0605231731671329	-0.0490787082707255	5.85791963792892
0.564553497683863	-0.227197065316113	-0.397739212498228
0.515997907797903	0.04004651453537	0.19058823924846
0.409613311754223	0.0522152794755361	0.195980414240147
0.36221780171064	0.00577132347536649	0.0587208724031054
0.0389888763573576	-0.000258884164461386	0.00608570285600285
-0.000257055747714752	3.69441847840633e-07	-0.000571811497277253
0	0	0
0	0	0
0	0	0
0	0	0
0	0	0
0	0	0
0	0	0
0.00112672899743559	2.96854758961436e-05	0.00443932818037229
0.024018184172789	0.00319554066701617	0.136127494230579
0.0699143730517819	0.00789127466772347	-5.63812488729734
-0.00357116209346014	0.000880422648914241	0.594294339847974
-0.00299506529603879	-0.00112395635083464	0.487622571896435
0.00800667729295984	0.00827608191552926	0.402438093342919
0.199658583717295	0.110213263905135	0.561817033274729
0.516316122878803	0.0661048175864933	0.0778484070681712
0.277577643994956	0.0167767769416579	0.0632722986427651
-0.00486854264711022	0.00184899864801059	0.480131983448133
0.0237766139853788	0.0178061655948204	0.337943836772613
0.259277458804418	0.0986085692294137	0.474829609026387
0.409874248376505	0.0129990413564266	0.0307537071111911
0.515534067906229	0.0421226870511014	0.197296594618253
0.294882815528161	0.0311591486267381	0.184770537534255
0.0514780992298563	-0.0025698549012386	-0.303925183665878
0.00287676933395179	-0.000379579085662699	-0.185010869005629
0.00442549699341789	4.01498234648533e-05	-0.385960368125823
-0.000478471267460304	0.00070103346991778	-0.854570942470368
0.0325115809628128	-0.0172569802236474	-0.351674477747554
0.211538438802171	-0.100359714127322	-0.632243502168641
0.39550317168578	-0.0271663357182802	-0.0370660326457715
0.537091350553053	-0.036796011925988	-0.115376827269283
0.631098842697867	0.000801223683402928	-0.0248357464605105
0.386124143919355	-0.00924490634915941	-0.044334178063798
0.389789042857559	-0.0123341558210745	-0.0651258603807905
0.351974462964997	-0.0209958931620374	-0.112095255977423
0.176482995121815	0.00179797204523369	-0.0106498160145099
0.30679271498028	0.0830320089191173	0.590730271445232
0.241889113542492	0.0189391951767292	0.11188194794581
0.354162105378476	0.00162950054110539	-0.0122672143193487
0.421687020655464	-0.0453913963511172	-0.208311425149348
0.369088674850486	-0.0345428973425402	-0.20681126917379
0.399817089502411	-0.0342822444018361	-0.131703143380921
0.287371365034145	0.000280395569474672	-0.00733711833734496
0.271456322995915	0.0119478627420321	0.0833922869024901
0.295064041089838	0.00532655724323961	0.044805800280832
0.345631437230299	0.0159170296262942	0.074737648883882
0.309379437820532	0.00643803772704383	0.0675828526758602
0.326272255954689	0.00814567863209774	0.00894336599552004
0.345129304122991	-0.0250962776220856	-0.124494778619405
0.299267753096087	-0.00845366883225622	-0.0398002142173244
0.344408858663719	0.00488693934965744	0.0320534403658257
0.294033607940809	0.00291909784711597	0.025842932814105
0.392836985366099	-0.00130646116129501	0.000657805878682804
0.345922535994665	0.000526056775862615	0.00311576208556441
0.38967108367996	0.000394606839336898	-0.00126895522107517
0.352612897600554	-0.000712360575726238	0.0125775802180139
0.372492950953943	0.0091374060610232	0.0937294722600097
0.380346677463805	0.01618145338211	0.044158030488326
0.330960054502941	-0.00975977237587119	-0.0700140458206404
0.326144489200701	-0.023353139099051	-0.0944671825166605
0.348546881670511	0.00316484029982356	0.0193577182772635
0.302854179554351	-0.00263467390086437	-0.00614867171522904
0.348291174487264	0.000661565484933293	0.0103577125254999
0.294076653419747	0.000607055930366038	0.00840916317249896
0.342773162309313	-0.00168656442167663	0.000281556756266621
0.307518144446224	-0.00157068404605149	-0.00338200701449765
0.342765991987233	0.00117434678413079	-0.00121873281044871
0.289476018770419	-0.00036242277700264	-0.00388988221345277
0.372659573803588	-0.00584281131587851	-0.0452861693629159
0.259070502959314	-0.00796209389295687	-0.0757780814621647
0.365026770705532	0.0166694391620641	0.112414760293271
0.335540112588894	0.00915709259524379	0.0397172094039577
0.360064821332754	0.00242868519819632	0.00619449977901487
0.302501417569001	-0.000908948159306184	-0.00100385410817316
0.357407548716974	-0.00164659415884926	-0.00505556555780418
0.330598595423349	0.00280866160089122	0.00445059030211303
0.375724934504138	-0.000692065164993804	-0.00201740605852851
0.284055700805848	-0.00129306634213244	-0.0125514548067416
0.371316304414461	0.000831175130094395	0.00635294621099036
0.383037936357799	0.00245024087924618	0.0170659179241315
0.354177236143682	-0.000659574319819292	-0.00399879641311007
0.320806054838796	0.00131097225076639	0.00639759993028499
0.374611779955413	-0.0014256911994838	-0.000391547863510366
0.342125581101235	-0.00453113442467372	-0.0177197964597513
0.354176919383171	-0.000690666226112878	0.000444337621443358
0.278188195034394	0.00229811354314147	0.0276375264545263
0.350821222518575	0.0113886559779298	0.0978610702618747
0.378513480487303	0.00800875264214431	0.0185505657939273
0.269469255036638	-0.00219906947320889	-0.00449492689814535
0.34940721152109	-0.00360392934218207	0.00553726108865527
0.281405666786164	0.00599425241904489	0.0918898991932251
0.330047200597907	0.0145658993734893	0.0470958250645013
0.307952745374747	-0.00448888570515725	-0.043389219541538
0.429454945408018	-0.0301546514044466	-0.120771218897811
0.476678386932065	-0.0262155786898457	-0.123628450271672
0.430071369771405	-0.0197144205002286	-0.10727258017966
0.469307285305968	-0.0190694210793472	-0.0597396336868328
0.334600767592359	-0.0116122451340802	-0.0419030141534305
0.0708404646553294	-0.000210295741035631	0.00858199091178058
0.000106149538776903	3.87925844265997e-06	-0.000662257299042901
8.15611107202436e-05	-3.99355575753059e-06	0.000337376623482211
0	0	0
0	0	0
0	0	0
0	0	0
0	0	0
0	0	0
0	0	0
0	0	0
0	0	0
0	0	0
0	0	0
0	0	0
0	0	0
0	0	0
0	0	0
0	0	0
0	0	0
0	0	0
0	0	0
0	0	0
0	0	0
0	0	0
0	0	0
0	0	0
0	0	0
0	0	0
0	0	0
0	0	0
0	0	0
0	0	0
0	0	0
0	0	0
0	0	0
0	0	0
0	0	0
0	0	0
0	0	0
0	0	0
0	0	0
0	0	0
0	0	0
0	0	0
0	0	0
0	0	0
0	0	0
0	0	0
0.00229307468750783	-5.16936738632957e-05	-0.00753016153939989
0.0547573894019036	-0.022706288684938	-0.123846424268617
0.358789893239329	-0.144134133025841	-0.629298580706051
0.372022605005815	-0.00867355876983342	-0.0839372903055011
0.384253087276715	-0.0583977809367577	-0.339705434950119
0.244247936457891	-0.0349392927121622	6.01139722095587
0.275870304064537	-0.0104614845008909	-0.0566596383132305
0.357536569391466	0.0011244048213989	0.00852951400081681
0.309859448975695	0.00528802922241617	0.0144309614075175
0.356142970374917	0.00413607359425174	0.0220827306189508
0.282248747686007	-0.00628973524536016	-0.0775849252877245
0.262918333829786	-0.00782851034924401	-0.0478771377607705
0.0410847720192771	0.000277779932892814	0.00348916614826056
0.024242002092315	0.00399218999313793	0.0648111877612738
0.136668814498345	0.0289919027266019	-5.97568905913317
0.271403885409827	0.0460014516442599	0.253017730101464
0.332086870730533	-0.0144943805279489	-0.0909167129730326
0.281083827448006	-0.0212223291574288	-0.129759502407567
0.329107116699025	-0.0181087264093783	-0.122145055113668
0.322762533968079	-0.0101790042133667	-0.0646398926841627
0.317009668627805	-0.00636155055507919	6.24066560470732
0.356729211209345	-0.00175876726049385	-0.00518648207211969
0.30956203996307	0.00228243362893374	0.00613413572130206
0.312570103882257	0.00330487067114781	-6.26290530325374
0.340435701572345	0.00105108901640864	0.0154202256392995
0.310433422663564	-0.00026771476299203	0.0154318687577897
0.32947716480888	0.00448723734740468	0.0461244642083343
0.300151235005529	0.0158380847077799	0.0977586360887561
0.32822286099557	0.000904975547657637	0.0137111118675484
0.386518729343025	0.000942690978217239	0.0162112637824872
0.320378541033042	-0.00587783520381538	-0.0288452316233716
0.324126418439086	-0.0186895447414175	-0.112065265815597
0.331319952027051	-0.00583750772466445	-0.00157425384194543
0.312649450183091	0.00448176785199355	0.0633278939191713
0.294159527852848	0.0101253709617042	0.0455951554326912
0.342800611992993	-0.00747907592119954	-0.0494594438541971
0.268315222553212	-0.00864540257692576	-0.0651295494957811
0.343523066954513	-0.00149442457694817	0.00492510982968497
0.338405426282192	0.00342850066365657	0.0664399875435531
0.330623130409366	0.00781861417102837	0.015642057110766
0.26721355476135	-0.00384350713738697	0.0191348359259513
0.320779070450348	0.00227268591217816	0.026680625574607
0.304653264041854	0.002953147792975	0.0159222146181999
0.375870176156845	-0.0177765113247694	-0.0964076159429097
0.308310157758259	-0.0111013545422023	-0.0489712707637717
0.317422619471635	0.00156331579666462	0.0122341087756777
0.322989581460324	-0.00976928319347749	-0.0520953622298124
0.306209130204709	0.00589495470097545	0.0246962750388842
0.322236915663327	0.000482102759797393	0.0295839180043749
0.319922060327065	0.00522937296631824	0.00121518418406596
0.325784823376318	-0.0312548958338755	6.04441559945576
0.277136420039965	-0.0148217688984864	-0.0699015053521519
0.236368445039983	0.00567758773423518	0.0901411172452335
0.213030654276254	0.0249273311284832	-6.07541511155537
0.150317604608014	0.00549008168204222	0.130685738249379
0.158691891803017	0.0171155747945484	0.179928975465355
0.131571129731501	-3.47478160225637e-05	-0.0360781769566501
0.158589681400332	-0.00028103030624764	0.0307046297461224
0.180466818322876	0.00863986891305606	0.0944338571441188
0.217128010997728	-0.0157505003124611	-0.131449681608302
0.243712314280346	-0.0237729085955078	-0.168883923345996
0.249336339808302	-0.014741570624967	-0.104343847318885
0.255233437568783	-0.00736186634508699	-0.0376102210134914
0.260152953763961	-0.00024087733098344	0.00710941769268292
0.242324602953809	-0.0135042706924302	6.13570928061278
0.268518138096392	-0.0554725918132658	-0.366632003219249
0.297654171716465	0.0003200795753414	1.79792393710798e-05
0.222639052111827	0.0037754122280447	0.0118559636934075
0.172329926054479	-0.00144541283271485	-0.0607315271907543
-0.00219210995220547	-6.47503305611372e-05	0.00422084562829728
0	0	0
0	0	0
0	0	0
0	0	0
0	0	0
0	0	0
0	0	0
0	0	0
0	0	0
0	0	0
0	0	0
0	0	0
0	0	0
0	0	0
0	0	0
0	0	0
0	0	0
0	0	0
0	0	0
0	0	0
0	0	0
0	0	0
0	0	0
0	0	0
0	0	0
0	0	0
0	0	0
0	0	0
0	0	0
0	0	0
0	0	0
0	0	0
0	0	0
0	0	0
0	0	0
0	0	0
0	0	0
0	0	0
0	0	0
0	0	0
0	0	0
0.000268658691383483	7.05812754266599e-07	0.000980667923933698
0.00948858963439609	0.0016814418236909	0.0610300766522278
0.057763946217883	0.00867486923910559	0.43624615028485
0.0163668147017015	0.00908434129976146	-5.92329404300916
0.197638379606525	0.0917890834696586	0.565345057239055
0.430576573157654	0.032685416504203	0.019715390909091
0.351082224068402	-0.0139570419129639	-0.0716280494970927
0.196321101799215	-0.0129452689980519	-0.179484834762988
0.185106563103779	-0.0456471625486843	-0.473119259553374
0.184770428148847	-0.032303862254799	5.93409423391699
0.19181039863017	-0.014376799212154	-0.102675547913116
0.214563026245636	0.00741386630777642	0.04917443012787
0.246882447681671	0.0179162950471919	0.12666410219658
0.292287218330961	0.0106640825977613	0.0536168300479782
0.252922564334318	0.00992377472714423	-6.17149557662053
0.248525028325366	0.00961802989397086	0.0961531651611298
0.240198824168962	0.0152232627240122	0.164297352277233
0.271595582520366	0.00745064541736183	0.0372182841131252
0.244776005285372	-0.0170712344595049	-0.148134607915061
0.286849264672772	-0.0350894572996176	-0.226182868802217
0.240095124423435	-0.00972000902873561	0.000464314018510326
0.255503640455204	-0.0202178174460933	6.08886791731411
0.198918869089527	-0.00534019347878759	-0.0423540732342391
0.127353542855189	0.00890446083441275	0.143526205100926
0.125005921871394	0.00949354887129716	-6.14454949799795
0.136450276317637	0.00968860188146842	0.119954585977676
0.129576226610009	0.00417820222859397	0.0604642343342126
0.13549895187715	0.00497013091422543	0.101918857810472
0.146078120987208	0.00336891731027385	0.0297793962835979
0.175142243561511	-0.00751051470866525	-0.116339593864059
0.260341169083256	-0.0524825158131677	5.98546561238882
0.250591340599134	0.000103620970034482	0.020362775683036
0.253431420608363	0.00675987194941179	-6.23220075976238
0.291455861687529	0.0127361616472097	0.0922642276991139
0.261902439976521	0.00736654988336658	0.0417733394475288
0.232836259382084	-0.00313688479206714	-0.0335442674979149
0.216017033572258	-0.0141779618631406	6.15291569684828
0.177458084013705	-0.00987344835220755	-0.093048990954252
0.165609331678782	0.00307697360591113	0.0396704360490352
0.166028601265776	0.00208781108560198	0.0141886549389256
0.17668485946277	0.0056377106628853	-6.21020976361972
0.191206767166189	0.00861362870102772	0.0842699290229274
0.279275378334342	0.00112538683050693	-0.000219994466878592
0.224535431460423	0.00265888934027005	0.0228092325329605
0.249980938854276	0.000270189784210152	0.0199506985772442
0.257496570610603	-0.0102491489193906	-0.0776601026792405
0.255262674153855	-0.00653425354050971	-0.028159772727272
0.220026198150264	-0.000538348573854302	-0.0204538528078015
0.225743920552058	0.00144640778017537	0.0235018310686712
0.322295062274274	0.00210744475387135	0.00424278438280767
0.27267757005773	0.00547129482525916	0.0464260472504714
0.234294354712412	0.00844719304198141	0.0716506108628265
0.208240781572524	0.00779923252055703	0.076320176385221
0.240402708425643	-0.00327648586893507	-0.048634052554517
0.266709220894185	-0.0158130037300531	-0.0878178299535333
0.190789973126723	0.00659444028701581	0.0686183876231703
0.263487395177372	0.0155221745538151	0.129164881508917
0.208673807511781	0.0137216484947159	0.141780029739054
0.228803550711285	0.00569009493219484	0.0815654274818383
0.242226775059829	0.00506165823563645	0.0398653936093218
0.299242172160243	-0.0331433229803141	-0.224275640152005
0.375790881955683	-0.040282244039608	-0.187881680186176
0.419147955242875	-0.0185836927468244	-0.021346762970841
0.392696385994083	0.01140244932405	0.0769557235187799
0.339702547458045	0.0130478426179216	0.0799401765718541
0.306327830732742	0.0088326766122474	0.0684398791097447
0.296543332172073	-0.000359219207201458	-0.00397719478998493
0.399275485159108	0.0384720605974315	0.182704676945554
0.381098792473703	0.0170443790370245	0.0718829353764279
0.394352208297668	-0.00854782406888357	-0.0771823424482649
0.317590475804677	-0.0178833316683999	-0.0986107768911837
0.411663096772656	-0.0318202528531882	-0.105987303486555
0.420456229236178	0.0059092774302526	0.109974969588146
0.280852852804897	0.0310289807515269	0.119665572896293
0.157482450195282	-0.0735012698990684	-0.554141226991458
0.538088267337387	-0.155903776865506	5.99541126780379
0.628246470701295	0.0476421693633171	0.111815343860275
0.790229263326178	0.00802347315573418	0.000421559965904539
0.832437601280128	0.120292044390542	-5.92133785511482
0.352180726818104	-0.0166748439997631	-0.134669158910071
0.0415723564924859	-0.00060218492821423	-0.0138982482918624
0	0	0
0	0	0
0	0	0
-0.000261366566562186	1.87390219221461e-05	-0.00723852584615958
-0.00498344578458409	0.000561816859034041	6.07166745834617
-0.00499847953365878	0.00145109188737824	-0.9580482219242
0.00114938715958623	-0.00286971864165393	-0.991059051057902
0.00774521791512671	-0.00257954962765884	-0.795607848763902
0.00374319579106546	1.29860175875747e-05	-0.298077231707666
8.66726637737161e-05	5.98917570673407e-06	0.00052297065790842
0.000153088274931022	-4.62620506782284e-06	-0.0176070925158801
0.000818480267108825	-1.03157817309021e-05	-0.111797989915507
0.00860805571299	-0.00352371058319187	-0.955539388507571
0.000948889381042673	0.000363672455131199	-0.861878342294888
-0.00162336136503803	0.00287650141399156	-0.785748457700072
-0.00497421735199067	0.00108983022040703	5.79075958629582
0.000176002945593547	2.6937484753658e-05	-0.0251876234452184
0	0	0.000435911091434704
0	0	0.0031456615114358
0	0	0.00423133426511413
0	0	0.000370851511084958
0	0	2.76315789484727e-05
0	0	0.000182368421053347
0	0	0
0	0	0
1.62378154485227e-05	2.76504829399091e-06	3.34228651723834e-05
8.53010453369967e-05	1.4522512244559e-05	0.000175577134823968
0	0	0
0	0	0
0	0	0
0	0	0
0	0	0
0	0	0
1.20241993270385e-05	5.68050623656723e-05	-0.0537603809800875
0.00252344691390323	-0.00481679590758175	-0.578337690250462
0.0216858041343328	-0.0135618380829301	-0.588635927088472
0.645508839793702	-0.355827872047455	-0.607531723708131
0.948510074867916	0.397885336404571	0.728493539564321
0.721640714789647	0.110985463075211	0.323225885935488
0.879879267390891	0.0631413620235655	0.0434585472036897
0.81281014822012	-0.127711313431439	-0.315666473273878
0.637740712085722	-0.0555874987066671	-0.173488702559358
0.797256946437017	-0.0336473306717849	-0.106115631911007
0.585752244316322	0.0734346823862534	0.306308984547735
0.717446383861187	0.155220888448963	0.572272587897053
0.501663199520993	0.10777829594064	0.354003069368875
0.152855738000204	0.00358347788786859	0.132894924178554
-0.000229379788162406	-1.33647037712282e-06	-0.0139646783345784
-0.000958320582131818	-0.000110907812888586	-0.247382007011334
0.00857517105776426	-0.0262622058627421	-0.874570777739433
0.17473746458908	-0.11051798593303	-0.611255011692628
0.495581887817048	-0.0821630457845264	-0.0647070474206797
0.39692289068522	0.0919906438020729	0.460964484200634
0.526268256161203	0.0792796953326745	0.181157224004129
0.58586781007924	0.000304599806363132	-0.0619523906120638
0.687933558208479	-0.0392884103544618	-0.140329163093405
0.612988083153686	-0.00685292942660561	0.0288854476395914
0.600859589656512	0.0571089360969759	0.119969136135448
0.544733457192488	-0.00893324050315643	-0.102476877841021
0.549903560743211	-0.0505040175718552	-0.0967650254072736
0.584235603462487	0.0127606309157417	0.149900413785492
0.55213724184238	0.0910348806668294	0.23524957959932
0.3768536495564	-0.00834139989047503	-0.171845780566783
0.318542120988055	-0.101459678134296	-0.521679333051447
0.553194172048272	0.00333450691240381	0.104372467635057
0.500095460647168	0.0696513711952124	0.43237941856794
0.412222693121768	0.119558706881099	0.39800884528451
0.502712702540703	-0.101901994190446	-0.573344022053964
0.534521734141981	-0.135332837600939	-0.449575658850992
0.553663536034157	0.0156438134203503	0.0922038381769337
0.578224881096902	0.0563899655484673	0.202275857998087
0.458246563259649	0.0380689975251111	0.146303172152204
0.432035676547883	0.0352042698254344	0.167966241963684
0.486821111068472	0.0417381729387453	0.166418742694281
0.484062451085867	-0.00347739052665433	-0.0433399902738394
0.591008803882629	-0.129404789823429	-0.361252312667319
0.478063070949313	0.00343143094943146	0.0587097081999579
0.532836991579028	0.0382085630274155	0.108484911062764
0.284402593050103	-0.00421294836735774	-0.0390754172286885
0.471870732493567	-0.0937688684451188	-0.385409607424719
0.490548493868644	-0.0118762190783113	0.00996439569864638
0.138295530070814	0.00161506575800525	0.0261963043213613
-0.0013516733505146	4.21445843942406e-05	-0.0021930967741921
0	0	0
0	0	0
0	0	0
0	0	0
0.0530213870403097	0.0141200875240844	0.0503906508477063
0.394229293663694	0.0897036050293086	0.373082134496494
0.333296507854633	0.0365624652547342	0.327167950378188
0.0114087369379983	0.000164523976872385	0.017156264277614
0	0	0
-0.000258060379153979	-1.29819143816776e-05	0.00647667647722683
-0.00216839227408398	-9.50074179767513e-05	0.0544046918311891
0.00410871218575373	9.51538126264613e-05	-5.26192917122069
-0.0075588225658781	-0.00269164897355008	0.863087392493658
-0.00623687069407315	-0.000600632287705028	0.835927467245756
0.00104890306842555	4.71820132465404e-05	0.44229110652737
-0.00134711943412007	-6.59877081621856e-05	0.0378884621000352
-0.00661366070458645	-0.000863847766291773	0.392440204749226
-0.00307235496930501	-0.00193916779198558	1.05590618842138
-0.00575678560373283	-0.00123802769654446	0.906675113759647
-0.000127270865547515	0.00188675423892197	0.772032720408687
0.000450580439664808	-0.00013916434886398	0.123798215997462
-0.000125682985665834	9.64619485650453e-07	-0.00191054227040821
-1.33948492266272e-05	1.27985590374738e-05	-0.000194526520537419
-1.86619623255686e-06	1.78242561457691e-06	-2.69677419355574e-05
-1.25971490220501e-05	1.20310331841114e-05	-0.00018203225806479
0	0	0
0	0	0
0	0	0
0	0	0
0	0	0
0	0	0
0	0	0
0	0	0
0	0	0
0	0	0
0.00524706168980919	-0.000198492938930356	-0.00532396535129864
0.0602869721680601	-0.00195925365202294	-0.0611591185891656
0.793018552634652	-0.0442348545508974	-0.10504236231461
0.736834453244222	-0.0557643932028505	-0.208627430867801
0.482561089086871	-0.0269418319555042	-0.178460108116997
0.507664735459995	-0.0388075772443778	-0.0918618547601295
0.531765855337035	0.0369303657984048	0.174421455894037
0.421771667884313	0.029276587592851	0.170818652398645
0.463020507585328	0.00134215798643958	-0.0957204157877258
0.489185002550842	-0.0862712914381156	-0.24483137230337
0.510009753568272	0.0190916390660252	0.0628890724480393
0.438035200922896	0.0261124319247266	0.116270900825956
0.353729715192367	0.00336360520533519	-0.00167558826132486
0.47247213136105	0.0114024410593611	-0.0161389253831568
0.435622986990484	-0.0364241513461931	-0.196154386428086
0.364222889936621	-0.00577963824176843	-0.00444892338755531
0.37614465025086	0.0281156504405888	0.127044241351725
0.216208944480923	0.0107558437381095	0.0777899776442148
0.304549214462379	-0.00282600121054059	-0.0487223253520939
0.329627699819846	-0.0244552771119473	-0.135060736155222
0.295017258758564	0.0288074219368456	0.196421739325186
0.307339974099658	0.0169883479334155	0.0837719921103248
0.342436127255289	0.00775278256714219	-0.0029782479599556
0.283057497862478	-0.00241626905314536	0.00305803322867759
0.191743399416878	0.0101435895933307	0.0726493746865702
0.209506516114413	-0.00708788701063022	-0.0780633101899688
0.242923648930034	0.00114774854343248	0.00211228712255229
0.266345224820327	-0.00769030961778172	-0.0825765178964335
0.240957549693314	-0.00404479716043528	-0.0429120601158863
0.255628350483482	0.00978392841773609	0.0843726548846631
0.208177965096261	0.00390901445510612	0.0271093435713767
0.249085760049075	0.0156664306246044	0.0923550844431016
0.260373240622444	-0.0153502599138559	-0.142980807837739
0.252297177097529	-0.0250877396320065	-0.142772418450323
0.253705053844059	0.0234489263973221	0.172143014673664
0.229704018541402	0.00217840177963577	-0.0108013312137134
0.262450464963389	-0.00290438089947151	-0.0337668734081338
0.220469942397656	-0.0044415835501468	-0.044909931002765
0.221753267434832	-0.00791398008688433	-0.0802113843944765
0.173475978398974	0.00483330732988387	0.152644691399525
0.17488255483689	0.00363737595052192	-0.0410242855380576
0.187849656876172	0.00178558615806451	0.0148657086609902
0.216710575337344	0.00893484189085077	0.0730701811673797
0.352436561978017	0.0150764885355897	0.092386696281991
0.377940493162567	0.00475149930731525	-0.024183550084893
0.277640067179706	-0.0181829740320644	-0.0877996867121271
0.18048094035405	0.000954884119192631	0.0139864737707553
0.264433872256883	-0.00221709334012682	-0.0263660889925919
0.222555364190613	-0.00149637394705536	-0.0449473498711619
0.237190374621955	0.00404324222281946	0.0391935052900383
0.199221202063826	0.00145569009041775	-0.00819013811745273
0.24297810486143	0.00801449691463008	0.0535499166374607
0.193376871211337	0.0032866641884306	0.0415171916269654
0.237081727957417	0.00358192641940097	0.0585897937803259
0.272351002871614	-0.000680460008423311	-0.0432672795089815
0.289669779202677	-0.00652862959675082	-0.0271055598505838
0.313668582367961	0.0253810813446848	0.113995110979617
0.382947126771186	-0.0167716695091494	-0.107557918814557
0.335233109610832	-0.0121388108684981	-0.0888780699099354
0.35474111574493	-0.0306381219724616	-0.197762492271063
0.338091798316236	-0.000811137379206094	0.0222574318442617
0.373504377663382	0.0177094534998763	0.0907825748655791
0.413103123045139	0.0341782577647889	0.198473904206776
0.544423547178876	0.132640419097027	0.465753837905028
0.428725578306747	0.0500874756120827	0.194646385464752
0.0982678013386484	-0.000946930688184154	0.0159720483020367
8.00296132850826e-05	3.92459301882999e-05	-0.000363461592879588
0	0	0
0	0	0
0	0	0
0	0	0
0	0	0
0	0	0
0	0	0
0	0	0
0	0	0
0	0	0
0	0	0
0	0	0
0	0	0
0	0	0
0	0	0
0	0	0
0	0	0
0	0	0
0	0	0
0	0	0
0	0	0
0	0	0
0	0	0
0	0	0
0.000462348799590693	-3.5380247262887e-06	-0.00154377579071685
0.012642727332878	-0.00114230487016907	-0.0472178849695535
0.0679049477194745	-0.00579875557686949	-0.282821443892859
0.00751839980541476	-0.000483451446478502	-0.169191023474403
0.00805267116243163	-0.000926755462343418	-0.43337784748229
-0.118545976047427	-0.474424864246459	-1.35179797095507
0.204635387459144	-0.088353485396848	-0.1877641369125
0.506815889737239	-0.00308189487270213	-0.0264110593797507
0.495144626686342	0.00465810440154192	0.0189954020805748
0.48158406558146	0.0106671277805745	0.0382541486743835
0.471427410431822	0.0134843772003363	0.0566955585618
0.194692356915962	-0.00121937605270164	-0.0404437912267342
-0.000301583179535347	-1.75572520060412e-05	-0.000989175232881834
0	0	0
0.0099308727091395	-7.97126712917752e-05	-0.001024727719101
0.109702229988861	-0.000768131529539105	-0.0113196547371303
0.520279373319775	-0.0127360292853944	-0.0404353488870511
0.56142764417522	0.00605295781611996	0.0168387313432823
0.430822352754386	0.00400717009728345	0.0112765057121573
0.458874017676827	0.0124335735956373	0.0583335057466149
0.345989155671961	-0.00200283633175145	-0.0373780477744837
0.399586328355237	-0.00840070170728463	-0.016841834964759
0.404792691465521	0.00559101876652751	0.00747751190547025
0.559635804343317	0.011557198008478	0.0380872187089802
0.645867015233591	0.0172536740651022	0.114785407561172
0.494178218619476	0.0288695995097043	0.127623567661506
0.48812905249867	0.0353308702875004	0.104998670555059
0.464546245108774	-0.0186176357902891	-0.160125586085384
0.390835664063003	-0.0220250815269823	-0.0679482267186385
0.425794116741217	0.00860460187560555	0.0095187789785553
0.37367324929383	-0.00126509996577048	0.0153582923520489
0.374309773130613	-2.28956772679867e-07	0.0387052167208726
0.350464154507576	-0.00361727925958538	-0.0241813145263601
0.33631309934014	0.000878641633941607	-0.0304882848804295
0.356147219714568	-0.00204468114555978	0.0160699467787132
0.337395071854274	0.00723249013524396	0.0430661226890747
0.358447380775775	-0.00355578339754997	-0.0311086414062063
0.35715797912182	-0.00748275890679251	-0.0431750066891365
0.36579478845688	0.0113166350277388	0.0385687578721858
0.387541783112225	0.00164343395185318	-0.0223903953748372
0.418256825916803	-0.0048598325466529	0.00330186652599113
0.298241787589351	0.00131272541286941	0.0690324098512853
0.37325749857259	0.00530236752904564	0.0187879300335382
0.381158319188221	-0.0200841626732014	-0.0900946744547879
0.377781705211009	-0.0179307317831267	-0.0761690941457279
0.391130520893615	0.00138247354516539	0.000941957300586216
0.360000212161393	-0.00229492652364791	-0.00561328088468105
0.325477578438097	0.00412744535666475	0.0250644798801935
0.277286306425732	0.00350171608429825	0.059233669455359
0.195719205627615	0.0216883782960064	0.214770491616059
0.188139452671729	0.0300643214632481	0.141620236641533
0.132742494413669	-0.0107522498767293	-0.136828506156095
0.191820599855268	-0.00515615423811946	-0.0931180141118464
0.299137208503319	-0.00811612622934393	-0.0126363051233869
0.257178109811703	0.0086181578214239	0.0370846768488822
0.336494258218579	0.0377373650680385	0.167371209214637
0.399751631423804	0.0059651998012919	0.0708983714713345
0.366313062987501	-0.048517268739582	-0.356196098424061
0.530302976742883	-0.0499656932831224	-0.105052990917573
0.503572702246576	0.0289611962300397	0.0823795119340976
0.14006889605654	-0.000333329230501188	0.00521557278090423
0.000119984630970081	4.29065853631881e-05	0.000378415841585322
0	0	0
0	0	0
0	0	0
0.0207218424246537	0.00110836466961845	0.00941897557809601
0.259134379903422	0.0219618759551377	0.108821097282225
0.474063605935175	0.0310601163296997	0.159127092763791
0.00339986922344588	7.85541359485989e-05	-0.00602116562411148
0	0	0
0	0	0
0	0	0
0	0	0
-0.000195177365214243	-5.37247824189869e-06	-0.00701892631191747
-0.000893708883198584	-0.000238242041957116	-0.148856079565407
0.00233836555506385	-0.00245799235227559	-0.94095788982825
0.00723306828960103	-0.00421508616573339	-0.765662060227234
0.00459996186354068	-0.000882809614725822	-0.320254044067193
1.5382100954744e-05	-1.41513124821331e-06	0.000224670588235387
0.000303378054050733	2.21620112040996e-05	0.0110780845931222
0.0059787029865272	0.000773097139750428	0.374577483280155
0.00348727067845803	0.000205356677162787	1.01116005827027
0.00340416654703974	0.000845947077108805	0.732503916150154
-0.00221495130922711	-0.000299459886706038	0.310889787118062
0	0	-0.000183895833333891
0	0	-0.00220675262970993
0	0	-0.00244335153695652
1.48863536514759e-05	-2.64924707241438e-06	-2.23404493222557e-05
0.000125045718800652	-2.22508553050425e-05	-0.000187659550677233
0	0	0
0	0	0
0	0	0
0	0	0
0	0	0
0	0	0
0	0	0
0	0	0
0	0	0
0	0	0
0	0	0
0.00108091051169136	-1.88900446921099e-05	-0.00296850984622143
0.0708583725601503	-0.0273836395099757	-0.082916354167152
0.656761977666975	-0.250740038293771	-0.495479427377357
0.786084993123594	-0.0107120946231653	0.0202091453422017
0.39762919258717	0.00372781105681719	-0.00787612633952711
0.307385858176444	-0.0128954282888467	-0.161353170383027
0.253324219079676	0.00679377008580644	0.0787542999139359
0.155680187276757	-0.0133814302369826	-0.128892274961086
0.205516945663273	0.054694594387516	0.491146928595552
0.246547100334982	0.0209579543231766	0.0543314567423866
0.297770260472793	-0.0512182242816239	-0.313675195589884
0.306309745133729	0.0240933099961293	0.205657639693836
0.301475167462688	0.030613595231835	0.15938959735702
0.425575437343249	-0.0172767548282166	-0.138725993303125
0.491976812998475	-0.0485284587579999	-0.168677921618686
0.437822650691426	0.00636893092811491	0.0315074168210728
0.406221329302851	0.00412400952230846	0.0262560470916306
0.34230845893417	0.00609430407377293	0.040730810492846
0.424969546445974	-0.0148164662385748	-0.0722094324207678
0.357551946939829	-0.00557008934142011	-0.0199817734178426
0.403892870115052	0.00643454246474337	0.044787215982003
0.355530378921411	0.00477481346382738	0.0265857427796981
0.37380646716597	-0.00318993322590891	-0.0064911080462734
0.422924137318226	0.00463132817415565	0.0167778637079466
0.349704753415178	0.0037422567904048	0.00216483580970506
0.323410431677804	-0.00710699504276771	-0.0213500524168148
0.335726845392231	0.00538850743071106	0.033399941373805
0.359601640680638	0.0118069157812275	0.0448627552245829
0.32904375425966	-0.00194054731784762	-0.0336937630056633
0.360972501912403	-0.00231808299285199	-0.00351458458185661
0.31766491367876	0.00125522324168512	0.0129879982617265
0.388579760062097	-0.00296932125921656	-0.0207121439643106
0.422220071131428	-0.0127572407077618	-0.0660471407108153
0.280025594881657	-0.00406332318648459	-0.0181620320590448
0.341738709832759	0.0100632406956156	0.0461774719142319
0.269476425125546	0.0039807011215138	0.0271045696119161
0.243014164610214	-0.000630632183036897	-0.0110751752441356
0.341028201162519	0.0042157491241008	0.0422257780220834
0.36018110255679	0.0169432714473371	0.0626685877923325
0.392097679529535	0.00320466381010512	-0.057904622650214
0.39062581107112	-0.0166995722410062	-0.0793170716105209
0.361772568228942	-0.00279469368353433	0.00286223400390118
0.389951037255389	0.0128602790059339	0.0445114560541269
0.379772684853855	0.0038965115820182	0.0137098898126532
0.450989811355678	0.00596473759752714	0.0530362075767234
0.390102714747538	-0.0046716170927521	-0.0143955050999018
0.392308169375372	0.00386949383402579	0.0220749906558785
0.37489672323939	-0.00681456815977449	-0.0762138534474878
0.318855873972114	-0.00677342528391869	-0.0672407439428693
0.420328979537382	-0.0027000560042591	0.0206109948572626
0.405701991381249	0.0144579123517835	0.229629773189873
0.406317571626585	-0.0529479766387651	0.161535055357725
0.0363620602561489	-0.00199003900596409	-0.292332331497686
0.000402639543539076	1.12202020246946e-05	0.0563099063509972
0	0	-0.00274530268738427
0	0	0
0	0	0
0.000244922742279968	-8.68142156514139e-06	-0.0145656989980756
0.0011162244059749	-2.32934235693356e-05	-0.0622797975446532
0.000668712289629937	-0.000140373377138227	-0.0326999338267177
0.00569477496761452	-0.00152978125375136	-0.69722227626032
0.00476843856987203	-0.00109704800024382	-0.971095733629341
0.00195357587747129	-0.0016409073746401	-0.953809351846154
0.00210456410650736	1.36190354124797e-07	-0.446002286842063
0.000425062128268104	1.64602725923866e-05	-0.046537921052674
0	0	5.384615384596e-05
8.25659339590929e-05	-1.49096695864593e-05	-0.0324913874382498
0.00111069381512481	-0.000778756820832238	-0.410891769958091
0.00407880431038201	-0.0029427654341449	5.31380413491207
0.00269468089418844	-0.00190525505062713	-0.986486068888879
0.00640020281986833	-0.00239748568337269	-0.779861331216646
0	0	-0.10828642356405
0	0	0.000109565783646348
-4.21279614966393e-05	-1.32801968284623e-06	0.00206262411120828
-0.000181828027750845	-5.35645936092105e-06	0.00672339631204277
0	0	0.00035241379310369
0	0	2.83146067424633e-05
0	0	0.000181685393255249
0	0	0
0	0	0
0	0	0
0	0	3.73451800032565e-05
0	0	0.000173654819997704
0	0	0
0	0	0
0	0	-0.000233613233034058
0.000573349161121906	-0.000239360179685538	-0.115820284409858
0.00827650710647084	-0.0126487151252418	-0.698337618510993
0.123766318993359	-0.0834919842187945	-0.678524293763473
0.45991069445321	-0.0861930278923091	-0.145882190082621
0.35011921606265	0.0408898411434174	0.218641874999979
0.407300174534056	0.00507972045558278	-0.0460528871610191
0.424272820367621	-0.0467678614744449	-0.135429563318475
0.312543578055773	0.00517072058150009	0.0438824946722618
0.39899506064785	0.00428419766183524	0.021978464807233
0.393761867857746	0.00423392740410464	0.00676934695067244
0.439593212654629	-0.0164822726814228	-0.0363844503832038
0.411685587255804	0.00503541497437049	0.0350246173594839
0.397477046369208	0.00266455958493997	-0.0126256792393558
0.459511390446926	-0.0292140464157126	-0.101690244108844
0.417237851747037	0.00890970040033584	0.0307793656307194
0.46479132065572	0.000835077009606694	0.00384105573826399
0.499048949384095	0.00925532126899908	0.0184455362157112
0.350903746295417	-0.0035864359528878	-0.0226817126658192
0.46389268053641	0.0128447642052725	0.0640323601937069
0.474837265620334	0.00277054791856562	0.0175348680698606
0.450572510291832	-0.000582176313916882	-0.00705013366288743
0.413388128713501	-0.0127357409723546	-0.0516308474316418
0.397122170146449	-0.00158514738718885	-0.0153558089712076
0.429006245086989	0.0166256539314028	0.0528853423045397
0.462423944164294	-0.00888614004538504	0.00701123930520997
0.284471568307237	0.000263703795763112	0.0189170001156922
0.406412213777175	0.00178698132206515	-0.0136714709466945
0.390195559688038	0.00293726992053808	-0.00972629306437067
0.432922697275814	-0.0124194711552493	-0.0223246256763636
0.396594036879041	0.00684514127492619	0.0186782915551733
0.402500860854238	-0.00930490337977749	-0.023102610745499
0.467613776785019	0.00302139481208105	0.00876753687628362
0.388404460190718	0.00165721104204802	0.00093041052174736
0.535428513145802	0.00158248187851878	-0.00818436802507128
0.494852957847385	0.00280264157357565	-0.0055030924870636
0.279134462087962	-0.0010634412100937	-0.00197601801226832
0.548184187771099	0.00680684905001425	0.0304677534824616
0.437741142288972	0.000926275971727564	-0.00282117948928917
0.49595907447322	-0.0073726562993621	-0.0130607102690505
0.418070857006525	0.00299328784515443	0.0183171051115225
0.358986095318296	-0.00276475838657769	-0.0228233621076308
0.478018975075313	0.000205645249917452	0.00842059826649111
0.458065235473636	0.00649644940887528	-0.00058507659684226
0.330748216814807	3.67688174981728e-05	0.00446437218556262
0.496702835068518	-0.00759422600372617	-0.00235066252214833
0.475130514429763	-0.0159301084294989	-0.0744073358540835
0.501504176926324	-0.0585009867106639	-0.457344007997744
0.307046809940372	-0.153869950402258	-0.863100554495588
0.749949656572411	-0.15081717429382	-0.179923132346482
0.071175478033535	-0.000340290589296501	0.0199071932160466
0	0	0
0	0	0
0	0	0
0	0	0
0	0	0
0	0	0
0	0	0
0	0	0
0	0	0
0	0	0
0	0	0
0	0	0
0	0	0
0	0	0
0	0	0
0	0	0
0	0	0
0	0	0
0.010161784643138	0.00220655489090767	0.0406997784482761
0.108938283179231	0.0194305536550935	0.461724274305105
0.0235405226942767	-0.000640010306096764	0.578042113913279
0.00901146208886151	0.00230441224166806	0.896769774011308
0.0204517201522194	0.0389851102744557	0.690668815414568
0.377523254597728	0.208000679860024	0.607489844110702
0.690195001607878	-0.0266186500951079	-0.219762108954861
0.472351547295483	-0.0161455917143038	-0.224107219318551
0.0313744376597905	-9.72044481416332e-05	-0.0123402719298268
0	0	0
0	0	0
0	0	0
0	0	0
0	0	0
0	0	0
0	0	0
0	0	0
0	0	0
0.000174507007509281	4.07369457700064e-06	-0.0170310294117716
-0.000659331861751536	-0.000126577968905025	-0.238070463664622
-0.0083455309101832	-0.00346465851086976	-1.01004199699275
0.00287105703570468	0.00241312104046037	-0.906573357600675
0.00169293187809529	0.000899552232752214	-0.841977987323534
-0.00178979006314776	0.000230626543754055	5.99701549453519
0.000147314194881667	1.81323379498686e-06	0.00359619356376539
-4.66571103011332e-05	-4.06477719436787e-07	0.00370681337162226
2.43330556243173e-05	1.21787646733549e-07	0.000170333522779398
0	0	0
0	0	0
0	0	0
0	0	0
0	0	0
0	0	0
0	0	0
0	0	0
0	0	0
0	0	0
0	0	0
0	0	0
0	0	0
0	0	0
0	0	0
-0.000138629384507958	-1.67993703058961e-05	-6.25527217153397
0.0217531721275226	0.0212331491620168	0.249148458286687
0.296708626866047	0.162901737710358	0.614033144573367
1.13111354214204	-0.188943714024112	-0.484643283261376
0.835162496269753	-0.0424921790800007	-0.131662737593368
1.07334225130617	-0.0872376279032653	-0.0604712411812307
0.985132904053613	0.198710908555424	0.332297235527483
0.814533511003026	0.0179690799035965	0.0296016851824112
0.876698079360464	-0.0113254714732335	-0.0197534998043851
0.800677996150827	-0.0304460667036532	-0.102666029662729
0.726811932839079	-0.0380671958892036	-0.260148212674025
0.16381147376564	-0.0266176706721522	5.83422465214114
0.00365422785911874	-4.72407455510449e-05	0.00814000000000048
0	0	0
0	0	0
0	0	0
0.000182994287504488	3.95406358982498e-06	0.0027083073438261
0.0183008108968822	0.00763219586490777	0.128354740297213
0.204561650221145	0.136539178337072	-5.72672993027216
0.819682648182998	0.15313720733998	0.105640822622318
0.875820374241969	-0.0268808457519821	-0.00627927665240025
0.970726399551905	0.012438628921461	0.0276988545183441
0.672461858803591	-0.00633950980419945	-0.0407477413789263
0.953354098663739	-0.026060033143581	-0.0302950542559945
0.69539665529415	0.00600739795018174	0.0180552520917732
0.627472410256508	-0.000185972306908977	0.00701354283891975
0.461225469350567	0.0158177766426553	0.0631962596209839
0.496477439458894	-0.0191802892932486	-0.0391340574443526
0.508573959736336	-0.0127806940933662	-0.0359277193295462
0.413762106795085	-0.00291891527731994	0
0.600646656969716	-0.00823573436389322	-0.0412246905868767
0.544945041383977	-0.0357475560945193	-0.271743757637231
0.599148607655784	-0.157500209093719	5.60270883277696
0.304225932747874	-0.0974727678329654	-0.522679578449417
0.0211254107525649	0.000232814369103057	0.0197849914341894
0.000528980070434311	-4.63404358404049e-05	-0.00087679753762071
0	0	0
0	0	0
0	0	0
0	0	0
0	0	0
0.00156490146171393	0.000264555254007659	0.058420634274158
0.00841064445016195	0.00169865136008272	0.398398392634066
0.00728538700302881	0.00418089235033691	-5.30639973301742
0.00232668123621531	0.00206580371414858	0.684692395927613
0.00170453748924877	-1.93761892916709e-05	0.0192746449729744
0.000125144469830147	-3.3840016533367e-05	-0.00139833479139173
0	0	0
0	0	0
0	0	0
0	0	0
0	0	0
0	0	0
0	0	0
0	0	0
0	0	0
0	0	0
0	0	0
0	0	0
0	0	0
0	0	0
0	0	0
0	0	0
0	0	0
0	0	0
0	0	0
0	0	0
0	0	0
0	0	0
0	0	0
0	0	0
0.000454926298671737	-1.54830037110077e-06	-0.000399112749900121
0.112966141019526	-2.43361039274081e-05	-0.00674550391281592
0.947870325035149	-0.00202655914228789	-0.0231319096530607
0.963188555955329	-0.0963026628606702	-0.278112744319932
0.923778164094504	-0.196042898326545	-0.435116093001406
0.848166204994828	0.0166693707064764	0.116761298546492
0.856843971123011	0.07234264993956	0.155918790635249
0.853426832490461	-0.000448873573031916	-0.0173310740859298
0.635067108832474	-0.012419171736312	-0.0140328013658486
0.717875896159925	-0.00247573997947531	0.00673385094838119
0.538790070680992	-0.00247959654499114	-0.0033941957696908
0.656446214451398	-0.00418086308248122	-0.00289142228736816
0.759448719673399	-0.00432132531265522	-0.00886017658494032
0.878973744705297	-0.0326771468752798	-0.0723681436589203
0.986143536514868	-0.128072912712575	-0.173138253155663
0.809673019429482	0.0202710756649805	0.1369647037487
0.725956867594957	0.0574194183850337	0.116390486975473
0.993855708823439	0.0131250114127834	-0.0457856414852866
0.790740620613855	-0.00818928466887298	0.00227424400160947
1.04931647373923	-0.00915471012217633	0.0266263474147017
0.931077754284313	0.00855062300305398	-0.00515424663483666
0.671489513290438	-0.00633395730322839	-0.00939084763975373
0.920901666072721	0.00730554441018655	0.0497545106533739
0.59978763298805	0.045611642620605	0.0807790404711066
0.406520818081513	-0.0212470389095747	-0.0600350045256257
0.515644016646876	-0.00727539511931116	-0.035413255464281
0.663103055971786	-0.0210455865821866	-0.1102166385935
0.575531099880096	-0.0193917593292422	-0.0513323604942846
0.618165085905072	-0.00305643864663008	-0.00544946767333698
0.635546267597923	0.00463378639347495	0.0383630352297839
0.602627223394908	-0.00412059909631735	-0.0289864615619111
0.397389959921385	-0.00462140175559558	-0.00467112733990982
0.0166940282279578	-0.000166930930636714	-0.00254809434894465
0.00114074227559201	1.86215324425201e-05	0.00122726768227777
0	0	0
0	0	0
0	0	0
0	0	0
0	0	0
0	0	0
0	0	0
0	0	0
0	0	0
0	0	0
0	0	0
0	0	0
0	0	0
0	0	0
0	0	0
0	0	0
0	0	0
0	0	0
0	0	0
0	0	0
0	0	0
0	0	0
0	0	0
0	0	0
0.000311908282257618	-1.16509652801051e-05	-0.0150283974358971
0.00208304615252903	-0.000218726850966671	-0.200143381703435
0.00147826181164112	-0.0011088083092589	5.59921015549433
0.00262748315145258	-0.000441420763886141	-0.600401607798722
-0.00127014652490755	0.00117848075677899	-0.572857201625724
-0.00553395734728308	0.0015453265795064	-0.573610999029276
0.00419018694525735	-0.000916622160286583	-0.470990384548031
0.000865031624591339	-3.19371196324935e-05	-0.0674545118009305
-6.32855150619857e-06	-1.35088844378781e-05	0.00069576153639167
7.73622599163777e-06	1.64838333046351e-05	0.00172256691129441
0	0	0
0.0221851568379606	0.00123945673122836	0.011869214357396
0.254998651899426	0.0123084131435017	0.0624530673995887
0.67061786396186	-0.0068364916764917	-0.0521727996537961
0.710216225514186	0.0106881920442866	0.0671449884968124
0.493089371301307	0.0272962385096128	0.0968140998454207
0.444190166461556	0.00623477491746527	0.00251227463485837
0.443212930491046	-0.0107896719898459	-0.0157144333155771
0.515809839661876	-0.00417602662884248	-0.0207735030547137
0.502868296230671	-0.0212393464286947	-0.0725737567900443
0.465514322149004	-0.00968788210374316	0.0141173480800505
0.537289479403493	0.0228476058530395	0.0387386474086341
0.560016404161148	-0.0552531932914171	-0.198469741399126
0.540696938530568	0.00851497786578076	0.137685995194108
0.514557302851428	0.0316583486312699	0.0451236499751435
0.544957986900419	0.0197370555422819	0.0668866538659714
0.584330018355262	-0.0126458258833445	-0.0439200396157861
0.544961523847197	-0.0363284794873061	-0.13010498167445
0.51889076621245	-0.00608180601680716	0.0344613904117433
0.450490207572132	0.0342584339238307	0.138145611168744
0.398968206676395	0.00297788980352987	0.00320041583168151
0.34546124308374	0.0108099029962152	0.0519717208359728
0.260765346372157	-0.00693407422255958	-0.0426398983218145
0.360205180559523	0.0081368058033606	0.0356299055874717
0.351663306914204	-0.00217044778142347	-0.0123546676367713
0.251147306563626	-0.00109012807949002	-0.0134853899175399
0.295179079671828	0.00304522746551564	0.0147536462902902
0.354428703943876	-0.00420469565462669	0.00279832457163309
0.31440744177715	0.000230165591398213	-0.00707514525039699
0.293474321654095	0.00386122576374959	0.0177507503416642
0.338584632783558	-0.00106102576283332	-0.00314250113822256
0.356781120003603	-0.000288407068918556	0.00218151378541276
0.404165936054687	0.00070234297791405	-0.00104166730996591
0.406481105397487	0.0012317718804436	-0.00850682914841694
0.30758015246922	-0.0131821745160873	-0.124862765805276
0.345858704846145	-0.028031154648722	-0.123144732132916
0.344883680416427	0.0275995383825994	0.159527578147264
0.392894425873455	0.028475109683113	0.103059003303367
0.388598439318637	-0.019245547870561	-0.0929509869392978
0.374862616859292	0.00675240907014488	0.0119391914696165
0.434123116735145	0.0136102464200213	0.0553014874928933
0.368167002522227	-0.015764081208782	-0.0571294435786411
0.377651131474726	0.00539295919786309	-0.000328544580720402
0.448861137154896	-0.04448805055931	-0.232263508375098
0.567648131679913	-0.101489954158038	-0.33125150560517
0.416609139954258	-0.0281228392276941	-0.0747866622608285
0.0779600456896465	3.73381170590747e-05	0.0103536829035628
-0.00234690682746167	-1.02483241994981e-06	0.000730342105267512
0	0	0
0	0	0
0	0	0
0	0	0
0	0	0
0	0	0
0	0	0
0	0	0
0	0	0
0	0	0
0	0	0
0	0	0
0	0	0
0	0	0
0	0	0
0	0	0
0	0	0
0	0	0
0	0	0
0	0	0
0	0	0
0	0	0
0	0	0
0	0	0
0	0	0
0	0	0
0.00644862929095368	0.00180202845182069	0.0232252991196388
0.200960208580715	0.0867670249193534	0.517840215854485
0.693619116257701	0.117393084611157	0.202693721585014
0.521251970870704	0.00417980829608339	0.00276445479886467
0.579460233382524	0.099641128900103	0.374657684673074
0.402646836639871	0.139100582942637	0.577700969955732
0.600687393391431	0.104859819950289	0.39144282685267
0.565005612050115	0.127075864209373	0.366215772315658
0.599274907177823	0.0312007336881201	0.0925059530302819
0.593632565029602	0.00580711720490396	-0.025643988734712
0.646393737961771	-0.0347477142381316	-0.112445804629892
0.497066561089666	-0.0219661571804838	-0.0741005614785064
0.445200634820412	-0.00157956982880805	-0.00887975760797355
0.412833625730199	0.00200037349613141	0.0270304703807338
0.356803816400765	0.00326722257294795	0.0624125149994024
0.127072046310108	0.000931610885512704	-0.0276718424238109
0.101859452752234	-0.00271287749515753	-0.0591118457577839
0.00891340476445612	-1.91922270237682e-05	-0.00777951423287515
0.000499193319775237	1.44686181725209e-05	0.000713431299999456
0	0	0
0.00838606014081254	2.18767469455528e-05	0.000161011520268151
0.144313717944023	0.000440208665410224	0.0057490831686362
0.376468678247058	-0.00054765925252509	0.0141631582855113
0.429481198508945	-0.00429540610291032	-0.0127582027519142
0.427800619969548	0.00110088347000639	0.0169600395849785
0.363531062605346	-0.000159337877016885	-0.00392174097027276
0.41891455044614	0.00316897602853758	-0.00387694595720589
0.427217972632146	0.0082726823198713	-0.00376075612074223
0.404338219857763	-0.00402477183207214	-0.0202557735252942
0.299894479406768	-0.0035553562705527	-0.0408209730785551
0.216178408725387	-0.00221057483096748	-0.0324113949826792
0.205880132227364	0.00452575091198149	0.0258441726505012
0.229193155827287	0.00785819981588781	0.0468701081466603
0.23395391331067	0.000850065291754451	0.000824166016693439
0.262139687992938	-0.00108391758789581	-0.024429370505386
0.283108201735017	-0.0188006957995097	-0.151190667277501
0.35001634945051	-0.0214619639060585	-0.137995837026961
0.359137053534152	0.0122318037239901	0.131401230515562
0.346924264429773	0.0369426856742097	0.156844603399733
0.447802739181591	0.0129652505860634	0.0383381073730065
0.30415742284376	0.000542287583782525	-0.00501582569395831
0.317196214853072	-0.000741601864169744	-0.00262099225832202
0.372450020378149	0.0127509303815597	0.0642436966440321
0.381090786174471	-0.00525237006609566	-0.0375287500522057
0.397718091099136	0.00668221032968691	0.00209635289541366
0.390016770807148	-0.00580566264886453	-0.0185747789828818
0.416325741801041	0.00913603268340565	0.0293133749042811
0.368753325765116	0.00227793257002828	-0.00480041566390232
0.369463992777008	8.20500036636806e-05	-0.0030980940724521
0.379406024416033	0.000805177077848329	-0.00361465724167154
0.38558843135046	-0.00925271728503138	-0.0473010342065336
0.27693718247016	0.000870110241040806	-0.0166426195354674
0.351714189646553	0.00362000947963678	0.0304421389830267
0.415777615865466	0.00393722031087124	0.0163225281848516
0.404752931020523	0.0044102473933719	0.00364800344423211
0.325173494626962	0.00422122713198902	0.0156084620812558
0.342838801708587	0.00187993944468498	-0.00103135594668657
0.418202662648936	-0.0125321335122873	-0.0364076083409728
0.34626052285809	0.0129072259595505	0.0551438449090127
0.421285037197947	-0.00209184397911794	-0.0364932787410899
0.354137703315911	-0.0220099309575308	-0.171521438346466
0.316313925183578	-0.072071204771054	-0.343721851428537
0.207205258423884	0.000373659330416734	-0.00992959837837715
-0.00833849164627815	2.08638885098524e-05	-0.00133395500773337
0	0	-0.000174166613889248
0	0	0
0	0	0
0	0	0
0	0	0
0	0	0
0	0	0
0	0	0
0	0	0
0	0	0
0	0	0
0	0	0
0	0	0
0	0	0
0	0	0
0	0	0
0	0	0
0	0	0
0	0	0
0	0	0
0	0	0
0	0	0
0	0	0
0	0	0
5.43726627146956e-05	-2.46003004241906e-06	-0.00222591025640839
0.000274705604920512	3.05675324213473e-07	-0.0389703783448421
-0.00113946360778309	-9.73956242792566e-05	-0.122140807573377
0.00594079593301475	-0.00243789909600802	-0.796419183117875
0.000505939194395586	0.00040630923379676	-0.561236899918419
-3.75165629012492e-05	-0.000809510473681627	-0.581980598566803
0.00375354882730798	-0.00139905670382302	-0.576628598777239
0.00593616782553103	-0.00140442002006029	-0.457010518181876
0.000976113660315958	-7.46051021980309e-05	-0.035441166698172
0.037071277259822	0.00816413764841259	0.0584035094732505
0.371716644567576	0.103107495814523	0.418655246737926
0.441793344188853	0.021435979729029	0.0472608358267389
0.412718423454248	0.00915834800808479	0.0582354818971004
0.4353191386211	-0.00380760649270342	-0.0296443756120514
0.494274672577479	-0.00203834727369029	-0.00702459576029202
0.365733166933402	0.0052894556876503	0.00747540331677998
0.312157931300022	0.000337003521778151	0.0232926418866123
0.361343691714547	-0.00589923222791813	-0.0333899454483354
0.346563736827526	0.00437812428830048	-0.00235554506501001
0.413262913170025	-0.000323253258474404	0.0189998292417903
0.329994005378455	-0.00128490448353069	0.0014252747353819
0.389299565289775	-0.000557860428539725	-0.0145673351380081
0.418062653826263	0.00989885645751909	0.023092545220906
0.493582153567634	-0.000166464975277364	0.0235217997724582
0.546053175714023	-0.00918338697539844	-0.0248209181099712
0.449911173213886	0.000511496244286674	0.0240819000375133
0.47933117885784	-0.000991132695121966	-0.0171886915777758
0.445940352329461	0.00464552141042421	-3.03734573786629e-05
0.513430624131025	-0.00183867116261044	-0.00268224679578599
0.461635683549437	-0.00355239760840842	-0.00540144032106304
0.429525151778812	-0.00236618788900114	-0.0129046037078201
0.470852362216926	0.00125304767480594	0.016561849064654
0.462447482149776	-0.00545449306643053	-0.0136085283560993
0.399060869515325	0.00231388188884848	0.00419334357349233
0.4551676830966	0.0041885108652206	0.00121951020166156
0.401072148465836	-0.000606570184442434	0.00566257954192895
0.402189123586591	-0.00577634677746022	-0.000551437723431802
0.50459018060414	-0.000577329008000671	0.0088139824114204
0.365569463311453	0.000847618505115194	0.0293959164459204
0.479786688982707	-0.00820726634389859	-0.031237818247988
0.392028949879326	0.00217865828852712	0.000380393647410382
0.379626331449268	-0.00105059228167123	-0.0160442388061249
0.435983941595666	-0.00137112385993066	-0.00339284494025704
0.373320711967187	-0.0136605546536592	-0.0382441603083171
0.385277930752853	0.00935828462148847	0.0446592175777811
0.386761005565405	0.0122597591879867	0.0446601064781448
0.309365233284808	0.00167530173643121	0.00314352789906658
0.387348269515504	0.000621475507088159	0.00768528210179598
0.338223478834157	-0.00173149010430551	-0.0128113506285858
0.0746940304537295	-0.000532129737336622	0.00902989415606681
-0.00106906618055955	1.2973771164711e-05	-0.000873559806494617
0	0	0
0	0	0
0	0	0
0	0	0
0	0	0
0	0	0
0	0	0
0	0	0
0	0	0
0	0	0
0	0	0
0	0	0
0	0	0
0	0	0
0	0	0
0	0	0
0	0	0
0	0	0
0	0	0
0	0	0
0	0	0
0	0	0
0	0	0
0.013360878019267	-0.00226387456069772	-0.0137514181050664
0.335795633930577	-0.0652087345778708	-0.295619510367438
0.672608760458398	-0.0411710067457807	-0.0728087217580244
0.606787800731745	0.0344547260804072	0.0910011845070096
0.576301108988059	0.00418640247557184	-0.00341883093978534
0.595583699034578	-0.0278976111635243	-0.363186675423043
0.226920443168743	-0.0806425648925572	-0.556436732155482
0.519111642103152	-0.211651677896066	-0.510221578777043
0.727590350230044	0.0286513465889676	0.0637276967567244
0.661962038365626	0.0180290603322479	0.0636795123331653
0.502693108271933	0.00959202300703421	0.0364210739289832
0.468012796526674	0.00273213447671486	0.00245344155844274
0.0913680045371362	3.26789206039693e-05	-0.00222950783026787
-0.00110514280632826	-1.57026316333162e-06	-0.00253193372817506
0	0	0
0	0	0
0	0	0
0	0	0
0	0	0
0	0	0
0	0	0
0.00361384712870694	-0.000212378272641415	-0.0126970817884686
0.0454374238018805	-0.00529999390230594	-0.22585239189578
0.0652084527994333	-0.00296451590427896	5.6673958854019
-0.00241107635486805	-0.00104733408878422	-0.59521036737634
-0.00142388980517738	-0.00011716909338233	-0.587699540991317
0.02323044213106	-0.0204790958516315	-0.542829877638895
0.196070050528152	-0.0740222779328839	-0.493515619624205
0.471031499266738	-0.0363878570060793	-0.0326079899868786
0.536265554173922	-0.0150118648418492	-0.0866354118951359
0.409791636683027	-0.0479489387006444	-0.519616342525206
0.155712966183793	-0.0622623158056966	-0.339066378180957
0.61765648406452	-0.136212492932247	-0.207123641715171
0.54852035221248	0.0337656627552466	0.0719484482372625
0.630849751023902	-0.0177280578846387	-0.0550537335119535
0.565776424474526	-0.00908345082205128	-0.0329521139552216
0.645865428983615	-0.0245248647972289	-0.107099025936375
0.559127553260611	-0.0213076646011706	-0.0755001412925584
0.447063009015237	-0.0532413132544108	-0.264742128485694
0.395083252195668	-0.0159110378290802	-0.0277183504755919
0.365028263060042	-0.000738173146586335	0.0176496104732036
0.317255827850208	-0.00259515848088093	-0.0102903399848459
0.501873115714156	-0.0333846356136547	-0.149639629072658
0.342634230297994	-0.0445091182614535	-0.337828374834811
0.31411857870169	-0.0175412762933765	-0.205727790980877
0.148806842006342	-0.0251379823280768	-0.277820341901095
0.034381882255356	-2.95712624524538e-05	0.0211516699376637
0.000287165845589275	-3.41992019124146e-05	0
0.000138799752104145	8.18870632384331e-06	0.00886206696486291
5.70204103760532e-05	-0.000163880957079874	0.139099596571006
0.00929720166266293	0.00920485084352237	0.401412667860321
0.165001377840051	0.0661818962643666	0.507058069367547
0.309849105721291	0.0349739032916488	0.127696364570265
0.354946250660438	-0.00279978359817326	-0.0416397794840013
0.341203128929989	-0.0206000620444383	-0.10955065879345
0.362992785098867	-0.0104559464306231	-0.0396251955039802
0.35125274971535	0.00106252978863519	0.0126421897137159
0.385300871906076	0.00201368208593239	0.0104641030163648
0.386195852579695	-0.000816726749928748	0.0051776580702928
0.432849935735502	0.00512300912742075	0.0130778017279787
0.415685997345812	-0.00654903031555859	-0.0262840906339323
0.389427832650958	0.00268821779456546	0.0172814423132877
0.459602707652153	-0.00453170024798594	0.00161171997389986
0.446659158750734	0.00712867654310406	0.0216646763595757
0.402479506140543	0.00207787489670869	-0.00522432440144249
0.521547755348249	-0.00436021730837394	-0.00891303496503548
0.464719630103378	0.00413022214413564	0.00577048589341556
0.507721824827803	0.00606730018550122	0.0154947485299627
0.471220806898432	0.000706169249468841	-0.00533915349211034
0.593201792439426	0.00467366857452567	0.00308592480137293
0.524544877823981	-0.00120999325320681	-0.015394987895282
0.522881411527085	0.001817546998368	0.0313293106716933
0.409174668115405	0.000774674261570657	0.00885879091874775
0.430722916003078	-0.00346873077722895	-0.021911779557745
0.378937450310555	-0.00409201416666849	-0.0396955457714903
0.372430747698707	-0.00802380870555622	-0.0284002693574845
0.378931312406924	0.0114528642465212	0.0629602179622548
0.395387077301612	0.00512692569321399	0.0254699773387188
0.398156533517642	-0.00034382288253243	-0.0242842984819789
0.371420298424157	-0.0115615976603477	-0.0776973473812057
0.506247428567358	-0.0231941719299462	-0.0600395936593906
0.466984965850751	0.0029214953345601	0.0289319427386563
0.42163227779531	0.00184896694769615	0.038141198799406
0.359012057828434	0.00984221114325753	0.0207309503361865
0.381443338845137	-0.00323414760818228	0.00171630190443084
0.401849533021015	0.00572599701718096	0.006866335426848
