-0.0162294814933719	0.0179609160239694	-0.00526209920026556
-0.0172598447202137	0.0177675993911083	-0.00523888935492579
-0.0184365617143978	0.0175468238808609	-0.00521238276119973
-0.0197447501783086	0.0173013817082339	-0.00518291465603943
-0.0208594933017832	0.0170922337286464	-0.00515780407870611
-0.0220205103795398	0.0168744038349553	-0.00513165113951971
-0.0231964097532767	0.0166537817265644	-0.00510516296341994
-0.024503291662326	0.0164085846896137	-0.00507572428956593
-0.0248210609294689	0.0163018064568485	-0.00505118247771564
-0.025093153698935	0.0162103766423827	-0.00503016833233162
-0.0253653977146985	0.0161188960054679	-0.00500914250596303
-0.0256678910659671	0.0160172508531991	-0.00498578047663141
-0.0259856603314747	0.0159104726207407	-0.00496123866481882
-0.0262842216476716	0.0158101487282679	-0.00493818031263657
-0.0263711789868115	0.015745595025112	-0.00491969996775781
-0.0261354540561514	0.0156952473604884	-0.00489476911544251
-0.025898898462036	0.0156447222773586	-0.00486975041010368
-0.0256961480043461	0.0156014175152468	-0.00484830701969405
-0.0254816913797233	0.0155556124738259	-0.00482562555608473
-0.0252916647253632	0.0155150253444269	-0.00480552786661883
-0.0251067546471588	0.0154755310466583	-0.00478597131891587
-0.0203364830184449	0.0156212225157902	-0.0118552095221268
-0.0149576299548246	0.0158034246515659	-0.0199428939064958
-0.00898808047896657	0.0160056359131964	-0.0289187539098402
-0.00390718179625939	0.0161777452050286	-0.036558431820475
0.00266649071492945	0.0164004204031167	-0.0464426558154161
0.318622120445899	-0.0242344946562876	-0.151786953990524
0.856262803707188	-0.117071211752501	-0.357459445283812
0.857048156604008	-0.123259477670288	-0.817997108986965
0.859638159288929	-0.134641564869383	-1.48534124497466
0.846093677720513	-0.170361846373092	-1.94499795335947
0.425008134895997	-0.616265829170812	-2.33476865602508
0.0735735908407451	-1.03554710976896	-2.14479223615325
-0.102387774421207	-1.40719013668115	-1.95445263056968
-0.216997591215437	-1.7166664302917	-1.88713630497334
-0.220527925579645	-1.72717749597276	-1.88597976497938
-0.22442694608742	-1.7387862719189	-1.88470244314827
-0.227770153688218	-1.74874019442372	-1.88360720601219
-0.231124500671008	-1.75872728284533	-1.88250831960683
-0.234834537082459	-1.76977338567209	-1.88129290909716
-0.238312397012723	-1.78012821623068	-1.88015355976427
-0.240552490264881	-1.78685487793458	-1.86682895123234
-0.242055282977289	-1.79144300977932	-1.84124935703133
-0.243334258983532	-1.79534781347876	-1.81947943030597
-0.244688466879021	-1.79948230542724	-1.79642895358724
-0.246174331992735	-1.80401875612262	-1.77113749034521
-0.240605336690758	-1.86895253237124	-1.161654233175
-0.219684294465778	-1.86543792351582	-0.552350058434822
-0.22318468185843	-1.86197329640092	-0.0523705694490759
-0.222961060699466	-1.8599650855507	0.331589314926483
-0.0786088463804235	-1.71483047818809	1.00146922479598
0.177083845680974	-1.22424078751074	1.0223052998472
0.320635439911467	-0.955812572563202	1.0324160023938
0.31174957503006	-0.959547697683171	1.52443296632688
0.305880121882884	-0.958983066038712	1.84834195366055
0.111874487508579	-0.73803147424155	2.37578484762757
-0.179940323268918	-0.469146917328288	2.37091669445691
-0.5969576657557	-0.134060942014951	2.57405709467783
-0.872708419546173	-0.00175699114906797	2.78450857158665
-0.927275705727588	0.0243017686791169	2.49910777310709
-0.928782827236808	0.0301713513518648	2.32532348006072
-0.931081665097741	0.0409337208122437	1.90972303393663
-0.909285530516895	0.042375207744123	1.08067506830793
-0.885187240055159	0.0502542825381152	0.79555614673649
-0.640366355550134	0.119629155945511	0.0148183888689537
-0.240709998256931	0.109303376769206	0.0329875884627908
0.280969418403317	0.0948191924877225	-0.0624606665882197
0.931287622069429	0.0477125736526696	-0.0974660291167687
1.29997951943871	-0.0019606445144954	-0.137470630136512
1.68775318015747	-0.0695293408821741	-0.206302230086858
2.03721360799571	-0.169774231889236	-0.326197852606905
2.19187654262983	-0.235223163029735	-0.375216010809355
2.51105386891926	-0.245888232065617	0.253166614669192
2.73516108384973	-0.16572450073381	0.370762577434445
3.05876175545872	-0.0312821661821355	0.369053809768577
3.46496531708941	0.0795144514907793	0.161140919655451
3.83530301467932	0.0941234249115717	-0.0601064200860341
4.23486489092993	0.0310492681998673	-0.192103515459102
4.51565658266783	-0.0296836989254235	-0.198112529069245
4.78343322083663	-0.0706594353964085	-0.122707590559237
5.07402116348217	-0.101052182322471	-0.0735389464131844
5.4162266224149	-0.11112614851855	-0.00432852179909392
5.72578021572136	-0.104442293425812	0.0738630323833767
6.05076397060554	-0.0715583427980669	0.0751778833583481
6.38962335415343	-0.0684162608127268	-0.0588316736263533
6.68596801495274	-0.0934252523325472	-0.0894339267604238
7.03115965763402	-0.12197087028978	-0.0650854424523456
7.33197395236134	-0.133369258242787	-0.0407307183584347
7.71071225187477	-0.14757895631245	-0.0342913659246323
8.05484576262108	-0.158640752163573	-0.0313986660123854
8.44527772098278	-0.168939950736097	-0.044967224795277
8.79014327818738	-0.186063753617408	-0.0431275502311832
9.16652758812321	-0.191959223008879	0.0775934417796663
9.54970200694268	-0.144411443454536	0.117169505489736
9.87221934606677	-0.113948852293852	0.0359104962480296
10.1976116304676	-0.126591038592736	-0.0554057108117159
10.5460822673736	-0.142549820844613	-0.0450838580095869
10.8495893834614	-0.155528989533629	-0.0507045025355874
11.1934915249489	-0.170133346372547	-0.0360396800604425
11.4898396790052	-0.179868326612074	-0.0330568886878233
11.8277644823392	-0.188406490920318	-0.0358375078739343
12.1314928739857	-0.197021488522123	-0.0311213662861991
12.4749115568684	-0.20431755294596	-0.0366233527173467
12.7638990050773	-0.215983270743452	-0.0384642312963624
13.1326175226836	-0.23089027736608	-0.0825491729851703
13.3879539966918	-0.260266972660958	-0.150330458265701
13.7439067070403	-0.303865437954915	-0.0522778282021398
14.0797802190306	-0.310415478363088	-0.0129624402993113
14.4436688643805	-0.315208603439204	-0.01100246652397
14.7410941536613	-0.319291818156878	-0.014392451215246
15.0944246037405	-0.325206546001801	-0.0154834633233559
15.4260836551733	-0.328510047873507	-0.0198475338187066
15.8003337726271	-0.336384565403007	-0.0226192658067283
16.0786830585122	-0.343579782401142	-0.0368437521163267
16.4417853742342	-0.359096893528756	-0.0313447425886879
16.8226969681497	-0.367417757424977	-0.0166338097429523
17.1708814838484	-0.371777478063557	-0.016861393108703
17.5026085772867	-0.377433976131118	-0.0205073220804398
17.875475319383	-0.384221891200049	-0.0168300521843309
18.2148538417211	-0.391707658662047	-0.0361419381357947
18.5665127336531	-0.403363388001879	-0.0426063648592552
18.8487209020069	-0.412621041334175	-0.0126100667478818
19.1883389793541	-0.406053734191768	0.0823894055920662
19.5619370180864	-0.364552122623156	0.100244164522308
19.8422614517494	-0.33917436061107	0.0807109395850533
20.1853437419396	-0.315794935541039	0.0868127391231567
20.461442095929	-0.288738330860745	0.185218168592224
20.7812634368996	-0.211604080405653	0.24377597560732
21.0772217580029	-0.139553300827171	0.192715630143542
21.501973152687	-0.0788550259942847	0.072873436894944
21.9822816785808	-0.0680670315072725	-0.0543567596724306
22.4035283962376	-0.112764361535585	-0.168070296622037
22.8719612875679	-0.210842110935993	-0.230271345231239
23.2201209140544	-0.303165561173049	-0.270242053176385
23.2283552788605	-0.305573712050013	-0.269031605941717
23.2370470969301	-0.30811564573881	-0.267753913321314
23.2452814617363	-0.310523796615774	-0.266543466086647
23.253858925076	-0.313032287112612	-0.265282583550534
23.2620932898822	-0.315440437989576	-0.264072136315867
23.2707965560176	-0.317985719680367	-0.262792760835892
23.2790113524103	-0.32037769404886	-0.261591831110611
23.2788995328387	-0.320285256837705	-0.261646216888597
23.2787811356452	-0.320187382143541	-0.261703801829995
23.2786561606653	-0.320084069830296	-0.261764586014864
23.2785443412583	-0.319991632755214	-0.261818971712791
23.2784208464079	-0.319889544011718	-0.261879036005833
23.2783026136549	-0.31979180525463	-0.261936540968145
23.2781840520209	-0.319693794623391	-0.261994205888629
23.2782839118979	-0.319548794400491	-0.262017801562713
23.2783996913131	-0.319380678421682	-0.262045158829863
23.2784944199256	-0.319243128984475	-0.262067542048441
23.2785996739394	-0.319090296276467	-0.262092412291304
23.2787049278215	-0.318937463759691	-0.262117282503048
23.2787932096256	-0.318809275325849	-0.26213814241925
23.2788290918684	-0.318794713004913	-0.262159823794967
23.2787917122923	-0.318933454304187	-0.262180697749364
23.2787543327163	-0.319072195603462	-0.262201571703762
23.2787148765491	-0.319218644559999	-0.262223605293301
23.278677496973	-0.319357385859274	-0.262244479247698
23.2786406365059	-0.319494200388755	-0.262265063315054
23.2786068391912	-0.31961964545396	-0.262283936819801
23.2786104294519	-0.319726345173024	-0.262314130827218
23.2787044654919	-0.319773921518443	-0.262368015134031
23.2787935521493	-0.319818993786318	-0.26241906335746
23.2788776894241	-0.319861561976648	-0.262467275497505
23.2789618268228	-0.31990413022964	-0.262515487708522
23.2790558628628	-0.31995170657506	-0.262569372015334
23.2791438358133	-0.319996215376985	-0.26261978206507
23.2792070214862	-0.31998469066335	-0.262668858168431
23.2792176332563	-0.319872266317648	-0.262709794212075
23.2792311836868	-0.319728708903474	-0.26276206645378
23.2792416648505	-0.319617668242198	-0.262802498669132
23.2792533867587	-0.319493482753655	-0.262847717189616
23.2792657943668	-0.319362032749652	-0.262895580871341
23.2792755898632	-0.319258256257569	-0.262933368051534
23.2792740433078	-0.319166352552188	-0.262979626075973
23.2792237388089	-0.319211996089327	-0.263020579192554
23.2791622555325	-0.31926778263472	-0.263070633001708
23.2791119510337	-0.319313426171859	-0.263111586118288
23.2790588519104	-0.319361605397604	-0.263154814351076
23.2790029579528	-0.319412320502327	-0.26320031787088
23.2789470641352	-0.319463035480136	-0.263245821276811
23.2840762597038	-0.321653186443201	-0.281739726258586
23.2921337405383	-0.325058527056595	-0.310675377030141
23.3007283867726	-0.32869089038209	-0.341540071225046
23.5860165933767	-0.611664506426272	-1.01750869207746
23.7789750995864	-0.935464248233224	-1.08534005277751
23.902475781174	-1.30402868679787	-1.42360765662306
23.8890713803397	-1.54730412634306	-1.7163431822392
23.8345507606756	-1.81436861935002	-1.77194772849453
23.76109354533	-2.16182516437949	-1.75914358037875
23.7077963044848	-2.46334827578696	-1.74987668632445
23.6480531648544	-2.81005773629335	-1.73635429081965
23.5966046676017	-3.09533203417375	-1.80645242951168
23.5462617154092	-3.2724533207669	-1.84862916076654
23.5287888960824	-3.32621223094522	-1.83636976812823
23.5120229196485	-3.37779638598695	-1.82460631517737
23.4914683375702	-3.5445198110595	-1.4676778428458
23.5738268475398	-3.79696813549501	-1.23867915567392
23.6730549762587	-4.11807400851706	-1.32667909282822
23.7171661039497	-4.39151438756202	-1.46051189810347
23.7320037225238	-4.71792101371589	-1.58583424951201
23.7139555451524	-5.03854512994103	-1.65206433793939
23.681307077515	-5.34926202288777	-1.69902482278185
23.6339319358264	-5.70478649432757	-1.70279641677109
23.5930777696979	-6.00535222529527	-1.70137093601599
23.5557327552383	-6.31625506854385	-1.68365567504003
23.5195897028654	-6.65672783127873	-1.6729649250787
23.489203526692	-6.96169176987512	-1.66393307912044
23.4631257085198	-7.28466018531569	-1.61450168136954
23.4721985736347	-7.58295958429872	-1.51446604614916
23.4937412876628	-7.90446741881759	-1.50675744547931
23.5186907373696	-8.2850578657718	-1.49287943176741
23.5399097562474	-8.60028658202893	-1.52152440111429
23.5390162963007	-8.92648088212722	-1.63924172410656
23.5069192658987	-9.25339091850975	-1.65020258502696
23.4908215077343	-9.56583511247102	-1.56603362297129
23.5011377375855	-9.85524979540079	-1.52450845315153
23.5120861255444	-10.1972871318816	-1.58426351223509
23.495454097833	-10.4635068173999	-1.64278223256621
23.4650383521247	-10.7998580700139	-1.65520773019011
23.44227799612	-11.1331336216781	-1.56511382860391
23.4494427127258	-11.458930858472	-1.58136202021302
23.4456534587616	-11.7260787256673	-1.55866193486716
23.4551175190948	-12.0425704193588	-1.52369627963822
23.475956118418	-12.3344815108934	-1.50080909336762
23.4842994269897	-12.7117040273613	-1.60881403596262
23.4597156753847	-13.0138330726722	-1.64949421161444
23.4371491530496	-13.3293609805889	-1.63976439811423
23.4050445673079	-13.6446475880537	-1.67963925135174
23.3732763855424	-13.9464683849618	-1.6795181261259
23.3410364682487	-14.2655211394356	-1.63818336288972
23.3250916848762	-14.5819045174566	-1.63629253458765
23.2710747739678	-14.9105211766177	-1.88757813555286
23.1611469185917	-15.1695041750436	-1.95997656628466
23.0714112655732	-15.3892220361974	-1.86578180059923
23.0367894693107	-15.5991381354496	-1.6685435570526
23.0314864724341	-15.7461218309767	-1.53996989023918
23.052838415998	-15.9019650274882	-1.34089189768306
23.08340972605	-16.0295523929052	-1.38926323178455
23.1059228018125	-16.1812883545046	-1.36086171889819
23.1554510383766	-16.3551759815565	-1.26444309168696
23.2108601221456	-16.5572886193307	-1.38595186550634
23.2266289594933	-16.8020439626879	-1.55732592169349
23.2138061401088	-17.0493026593529	-1.66044862270219
23.1814146117451	-17.299664410416	-1.69781090575647
23.1524148612026	-17.5533327219197	-1.67773534340605
23.11751607773	-17.7893532592404	-1.8136023711613
22.9878197510598	-18.031519412162	-2.20240035992885
22.815354820316	-18.2691457974512	-2.2006687536414
22.6835307686017	-18.4588062255724	-2.19146962512306
22.5929159618458	-18.5851249825258	-2.24348228590173
22.5910726184787	-18.5868188116717	-2.2446160651826
22.5891322546092	-18.5886017919533	-2.24580951855208
22.5874101862576	-18.5901841827423	-2.24686870559887
22.5858578946765	-18.5916105674138	-2.24782346859311
22.584208589879	-18.5931260965259	-2.24883790119455
22.5824622621537	-18.5947307790025	-2.24991200937641
22.5814766786835	-18.5958542914096	-2.25065182493723
22.581878603263	-18.595975173789	-2.25070524984198
22.5823034163638	-18.5961029400941	-2.25076171715103
22.5826824535396	-18.5962169388841	-2.25081209980003
22.5831011255587	-18.5963428582044	-2.25086775081984
22.5835030512558	-18.59646374092	-2.25092117587314
22.5839049758353	-18.5965846232994	-2.25097460077789
22.584152968904	-18.5966891143955	-2.25100731289972
22.5840328746844	-18.596737925026	-2.25099063457018
22.5839110886559	-18.5967874232688	-2.25097372128724
22.583789302966	-18.5968369213739	-2.25095680805132
22.5836539851754	-18.5968919194137	-2.25093801551733
22.5835406566675	-18.5969379802145	-2.2509222767898
22.5833918072841	-18.5969984779826	-2.25090160502827
22.5833240888972	-18.5969601177901	-2.25090193289382
22.5832969061525	-18.5968393987261	-2.25091762267258
22.5832683642706	-18.5967126437091	-2.25093409694025
22.5832438997664	-18.5966039964006	-2.25094821776075
22.5832143385315	-18.5964727144186	-2.25096528039514
22.5831922525855	-18.5963746303303	-2.25097802832073
22.5831667687623	-18.5962614562079	-2.25099273748831
22.5832946251133	-18.5964904434838	-2.25105038901315
22.5833992350007	-18.5966777969703	-2.25109755850818
22.5835038445971	-18.5968651499359	-2.25114472787205
22.5836026426867	-18.5970420946494	-2.25118927677765
22.5837174229655	-18.5972476630329	-2.25124103218943
22.583822032562	-18.5974350159985	-2.2512882015533
22.5838846104492	-18.5975195189797	-2.25132014068114
22.5838456351765	-18.5973668834525	-2.2513137485718
22.5838067680183	-18.5972146713248	-2.25130737419369
22.5837635222775	-18.5970453117285	-2.25130028170954
22.5837246010079	-18.5968928876891	-2.25129389845694
22.5836856797925	-18.5967404638617	-2.25128751521322
22.583649407382	-18.5965984133225	-2.25128156638469
22.5826694117538	-18.5975432720793	-2.24453117291353
22.5806449162827	-18.5998101106138	-2.23015215746805
22.5781440659558	-18.6026103262581	-2.21238982310393
22.5758813945469	-18.605143851679	-2.19631915878251
22.5637076908532	-18.6547824299013	-1.78410405573504
22.5786845355649	-18.6644249354883	-1.44181279121149
22.7045954856685	-18.8446145952293	-0.781680515474241
23.0229054787752	-19.1308603713938	-0.828153534854279
23.2549810140137	-19.3997681234023	-0.870104594125746
23.3722698337135	-19.5551025166591	-1.04163509887706
23.4151439964581	-19.7437213328754	-1.51544218203954
23.37948866572	-19.9327439273018	-1.89324296089466
23.2986858878132	-20.104479576915	-1.98858614958752
23.2159700504572	-20.3011459347063	-1.92833633540445
23.1427468844106	-20.5339394922225	-1.81734384925912
23.0832824475235	-20.8170805982796	-1.75594853266129
23.0413789682836	-21.0652993861793	-1.65601487871635
23.0262719223705	-21.3101048540687	-1.58039789921563
23.0442646704594	-21.5526625663875	-1.38817715214211
23.1016262605628	-21.8139205081174	-1.35982964694324
23.140468144185	-22.0559325548255	-1.49253525337278
23.1224975681359	-22.3454285260457	-1.76815351842301
23.0715207598732	-22.5747808800211	-1.71121947903999
23.0038670210505	-22.8295177201195	-1.9266336828928
22.9345231712918	-22.9930398303339	-1.93029089575351
22.8867371065337	-23.1260218586947	-1.8282468996405
22.8660680094798	-23.2475787058806	-1.68859695293182
22.8595890627747	-23.3847578139186	-1.56479679744931
22.8630474996049	-23.513333240081	-1.50365671335042
22.8756506722036	-23.6473074286373	-1.40880277133668
22.9062624727573	-23.7913831568923	-1.37199512757872
22.9344569279085	-23.9589520711935	-1.47865323136449
22.900861422001	-24.2170333851812	-1.81775762073791
22.8413271731133	-24.4604884544247	-1.77053014269179
22.7955526923956	-24.7041593787746	-1.73456401137458
22.7582263058079	-24.9957869044867	-1.63387321472044
22.7493019881023	-25.2473547993196	-1.59188008391963
22.7414224059582	-25.488510201747	-1.62765822100027
22.7127491209762	-25.705280689601	-1.77615255673254
22.666407031829	-25.8624443634373	-1.86494426315078
22.6250835500082	-26.0230389876557	-1.82559546614876
22.5835434229864	-26.1933070719945	-1.79514896118783
22.5476750067601	-26.3546108522337	-1.74228207100625
22.5312357434327	-26.5411844989646	-1.65605295516221
22.509014373531	-26.8189270430443	-1.65447342595581
22.4878116552232	-27.0507367150716	-1.63524137619552
22.4672875282895	-27.2907908902047	-1.60972677233208
22.448781769253	-27.5472142983328	-1.701922469392
22.4079889245482	-27.7987907140265	-1.72708538598189
22.3706264934012	-28.008845672115	-1.74773205600012
22.3324796843494	-28.2293411211015	-1.72416091463264
22.2890620522167	-28.5400130391712	-1.71837192901305
22.24934027518	-28.8100048412365	-1.67577488036117
22.231991652586	-29.0377095886809	-1.60582442830692
22.2328616789841	-29.2432169066245	-1.53482264589557
22.2403607680755	-29.4855228805689	-1.57450708320687
22.2214205280324	-29.7424841170457	-1.65744382985965
22.2062825269484	-29.9379616286324	-1.60180723568662
22.2088329824154	-30.2001924780835	-1.48606328358693
22.2482616535994	-30.4051582225266	-1.34970680107804
22.313158037299	-30.6282362754435	-1.26451734609577
22.3981422837169	-30.8470807458544	-1.21576380866423
22.4817672396831	-31.1371424258643	-1.44678344254122
22.4880760664416	-31.5060392354396	-1.64877406816148
22.4349782712698	-31.9259008916849	-1.66793522718726
22.4035039028546	-32.316661306576	-1.5902903379389
22.4084846845515	-32.6543565638943	-1.51470670309962
22.4382072486367	-32.9544205033254	-1.43517937001416
22.4815215207706	-33.2477513364032	-1.43116431986335
22.5623067783859	-33.6284349895358	-1.26263214859281
22.7002878942465	-33.9835929093964	-1.20324788107605
22.8358693123202	-34.3522137927963	-1.2886518974455
22.901156659215	-34.6566762180168	-1.38703813777782
22.9433030322437	-35.0699875487398	-1.51938097021187
22.9825330206412	-35.4911177799073	-1.38419428100539
23.084505969937	-35.7615110844735	-1.22976997280357
23.0740542785556	-35.9079868071658	-1.88557268905136
22.7816908243146	-36.3819457977309	-2.10167969786424
22.5093474542892	-36.9419369057701	-1.98316074567039
22.1875415853927	-37.6664755168392	-2.00691344686595
21.9483075766241	-38.4963293937916	-1.61953039611309
21.9200947825059	-38.8606367706513	-1.75981073035445
21.9145262043597	-38.8827256763258	-1.77048854642068
21.9139679437519	-38.8818453246648	-1.77157423658774
21.9134339553444	-38.8810032491629	-1.77261272283449
21.9128514219289	-38.8800846203848	-1.77374561810313
21.9123659785295	-38.8793190981591	-1.77468969532799
21.9123244789413	-38.8753669956853	-1.92142827418115
21.9115009979588	-38.8631098976867	-2.89302359052456
21.899481529341	-38.8374079135623	2.40451301993746
21.9082284493113	-38.8176983137964	1.58653546964633
21.927924616184	-38.8108307592821	1.30045745180181
21.9309776847451	-38.8093832532984	1.27016889495603
21.9335285487681	-38.8081738500822	1.24486255531017
21.9360847297566	-38.8069619260122	1.21950346768125
21.9559565598135	-38.7996410120715	0.285568413730469
21.9664717700355	-38.8137661332728	-0.582156177355592
21.9539003722609	-38.8372107990991	-1.39741574171164
21.9344349305699	-38.836945552279	-1.8800353821168
21.9291183238146	-38.8369681631997	-1.89704196144938
21.928029850549	-38.8371391390247	-1.89614515342209
21.9268137374028	-38.8373301643398	-1.89514318114949
21.9256791712023	-38.8375083803771	-1.894208396522
21.924674607379	-38.8376661758268	-1.89338072263307
21.9236464055768	-38.8378276842965	-1.8925335730897
21.9234791008701	-38.8377843188717	-1.89241997022802
21.9233536224896	-38.8377517948419	-1.8923347681833
21.9232117120978	-38.8377150116303	-1.8922384085116
21.9230444075406	-38.8376716462443	-1.89212480575145
21.922912953693	-38.8376375733718	-1.8920355462586
21.9227638138429	-38.8377618683002	-1.89194707857034
21.9226343409995	-38.8379145393658	-1.89187379379762
21.9225210520084	-38.8380481268466	-1.89180966947821
21.9223969738725	-38.8381944366112	-1.89173943824086
21.9222526654487	-38.8383646014138	-1.89165775616943
21.9223477745597	-38.8379833760907	-1.90375588890567
21.9225926528004	-38.8372525699958	-1.92368155803629
21.9187480520177	-38.8355451721807	-2.56701428099283
21.8925436332042	-38.826218535705	-3.0552701114849
21.2720748118062	-38.4859667538707	2.53119167675551
20.2322504620629	-38.2664001538978	-3.00142664712922
19.5539454137074	-38.5057176661854	-2.64875889216929
18.8158298197055	-38.9967481762268	-2.59838652012101
18.0425119879853	-39.2877546820509	-2.92958674278917
17.4029884197523	-39.3564149641141	-3.10279532880079
16.6088849788734	-39.3369371938816	3.03849777436935
16.0232886835464	-39.3425010320996	-2.95394685573882
15.3312469175487	-39.6455642608248	-2.30490647099776
15.071128996025	-40.1056801414285	-1.99858230974854
15.0122665511954	-40.248158640685	-1.8884736284825
15.0128545374828	-40.2504696098489	-1.9532732899451
15.0134877528751	-40.2529583434763	-2.02305747358369
15.0067020530915	-40.2387384758837	-2.92203006191098
14.8115926375416	-40.1636209856843	2.5517013972806
14.4158594028914	-39.8303200805917	2.60579783632971
14.0375555577217	-39.7115837545384	3.0897647240636
13.5143825979966	-39.7626734848978	-3.01278239239393
12.9282748158043	-39.8364022866908	-3.07657702669397
12.2361356411864	-39.8271601535764	3.0321839763316
11.6266125980979	-39.745505333341	3.08718614103925
11.0274957086416	-39.7638651696236	-3.06723679011706
10.4901592446027	-39.7942695856521	3.09263499933559
9.94651170491554	-39.71022102417	2.97261133153909
9.36630874869601	-39.6223775347147	-3.13577929018124
8.79635531527031	-39.7283551365891	-2.87812236558948
8.44003896961907	-39.8222244521288	-3.04938828792858
8.12382843940252	-39.7243120819612	2.64919289418279
7.64358206010672	-39.461939751948	2.72672473758218
7.14038066709156	-39.3292888359519	-3.06864432036898
6.74255896329681	-39.5292748167082	-2.61183522600827
6.27894501436818	-39.6950633275108	3.02846878941719
5.74929746167015	-39.4701481621362	2.56428826375277
5.27960694038701	-39.1723075791774	2.65960636030039
4.74242201359257	-38.9486673588012	2.86638052349255
4.29209776064334	-38.8582993670883	3.00760906608875
3.86529593498982	-38.8284338440948	-3.1079045839698
3.37750272842855	-38.8847304440004	-2.92411146498409
2.90802569978746	-38.9970805138368	-2.96993754603748
2.30275089926351	-38.9450903296945	2.92564953126212
1.83780061880647	-38.8432969754553	3.00476688442813
1.30599004348477	-38.8081995475905	3.0933325031808
1.02367602787662	-38.7923609024394	3.03044894741711
0.560010999130691	-38.6697664494947	2.65518737299789
0.106078324493351	-38.4178336259901	2.68352334176635
-0.00842964294423795	-38.3606625432983	2.70571406274975
-0.00666038247542321	-38.3626344465664	2.70487631399546
-0.00448901534207139	-38.3650545119111	2.70384816684409
-0.0026393359553897	-38.3671160449029	2.70297233955391
-0.000327232193836607	-38.3696929661894	2.70187755329708
-6.19835602813311e-05	-38.3711036653514	2.70423400521706
-0.0140994273560351	-38.3658657603613	2.73404654484352
-0.435347921619895	-38.286406644595	3.10380935026646
-0.792477372713958	-38.326025324459	-2.82824282872257
-0.795282775767776	-38.3279731744895	-2.78477382966652
-0.792000198716993	-38.328135874322	-2.73834544366261
-0.78871762166621	-38.3282985741545	-2.69191705765869
-0.785584248929258	-38.3284538787252	-2.64759900002449
-0.785194194985274	-38.3403058151509	-1.77497497889093
-0.767245071073071	-38.3362521543435	-0.940622993028026
-0.763342139701639	-38.3248641481249	-0.0430948748752614
-0.757678788738123	-38.3138798176898	0.366049518227124
-0.756243735115244	-38.3096341349768	0.414843597434105
-0.762927061550099	-38.3086887291389	0.752757174370369
-0.775546515459462	-38.308686584652	1.78068831012164
-0.794021560561502	-38.3145242881267	2.73064866170242
-0.803146919006862	-38.3277900488964	-2.7688526192906
-0.803941685753078	-38.3342984027099	-2.67401029980121
-0.804217902119257	-38.3356683963397	-2.67379401787207
-0.804505627800409	-38.3370954745238	-2.67356872396121
-0.804770335714794	-38.3384083878803	-2.67336145333791
-0.80503504305344	-38.3397212983813	-2.67315418316544
-0.805191283510635	-38.340701760027	-2.67300019063644
-0.804898161898958	-38.340431008618	-2.67304750305312
-0.804646414673294	-38.3401984740202	-2.67308813727853
-0.80434119901032	-38.3399165515433	-2.6731374017819
-0.804035983347346	-38.3396346290664	-2.67318666628527
-0.803806833220318	-38.3394229670213	-2.6732236531394
-0.804318803438502	-38.3396495032286	-2.6739706825072
-0.806063276870532	-38.3406264637271	-2.67582549131935
-0.807570640569168	-38.3414706352481	-2.67742819355604
-0.809382862303446	-38.3424855369464	-2.67935503565096
-0.811010472838593	-38.3433970505129	-2.6810855901598
-0.842588258495647	-38.3557158024173	-2.72007074890398
-1.56189195125251	-38.6270765140208	-2.82731256269554
-2.31563204370344	-38.7931587333588	-3.02653092536059
-2.79270283512284	-38.8046623651584	3.04419145189326
-3.29477391388093	-38.6963061388288	2.94372670419134
-3.82427614305059	-38.6255769234411	3.11217162910265
-4.23942852000528	-38.6473531153845	-2.94415697813888
-4.69437968377915	-38.7410296247998	-3.12806298932934
-5.18773260836754	-38.6600921762474	2.97438682520453
-5.68425719496548	-38.5785568926625	3.01265380481614
-6.12376838564921	-38.5440472472644	3.12604975605545
-6.47201335144285	-38.5407758044878	3.1367795576907
-6.94225929588102	-38.5452746137119	3.13106402673216
-7.37750693444804	-38.4837494797809	2.89188254131207
-7.72634137721303	-38.3867707339638	2.90101176299883
-8.10193735809891	-38.3197325630104	3.03458468039935
-8.31859940883773	-38.3093268682464	3.1136505688197
-8.61306685531281	-38.300210049427	3.06180534983565
-8.9394275653076	-38.2404885873155	2.90333650894974
-9.2231662704637	-38.2014041246344	3.12528931686025
-9.53067573292633	-38.2153268365017	-3.08496635661256
-9.87823568324763	-38.2418263712153	-3.10072020404842
-10.1637429201024	-38.2461273067901	-3.10205024808239
-10.3482430849587	-38.2651172810209	-3.02731196348537
-10.5577305021592	-38.278624593275	-3.11563189911614
-10.8055850747535	-38.2843880158839	-3.11095875496005
-11.0620794798799	-38.284326948	3.08359544056983
-11.301518055172	-38.2601388256066	3.0598413764614
-11.5554741116505	-38.2446683984016	3.13415504016604
-11.757011907868	-38.244492298048	-3.11362867594204
-12.0084029222313	-38.261569775902	-3.05068145382091
-12.2633725399399	-38.2737017876778	3.08721082832449
-12.5148144232538	-38.2238260120986	2.9646229879657
-12.7634865728363	-38.1994141439272	3.13905737105695
-12.9913878415126	-38.2011392846875	3.12054862943801
-13.2501080976027	-38.1926492553081	3.07509766853337
-13.4698519730307	-38.1705217136903	3.038079270729
-13.6890035029469	-38.1318735559763	2.90766017021619
-13.8514493912394	-38.1015497566091	3.13608259554119
-14.0266284927028	-38.1055326262071	3.04793271640741
-14.2227220105157	-38.0916759730842	3.08373730516576
-14.4241552739046	-38.0849740090258	3.134316510293
-14.7719663431276	-38.099325033502	-3.03180356295627
-15.1539836595697	-38.1474896014857	-3.09167636460377
-15.4277372156228	-38.1372515878173	3.11293005003618
-15.6095654121419	-38.1295433687793	3.12918355164904
-15.8691246995159	-38.1215337542626	3.10375163954182
-16.090014720391	-38.108114691454	3.05393882721672
-16.3260087051259	-38.0899996719149	3.08005042512712
-16.5256845640036	-38.0762742778036	3.06455722639103
-16.7700350463618	-38.0645219935343	3.13070686496131
-16.9586320331023	-38.0623630490712	-3.12418401850074
-17.1883308194964	-38.0664242265488	-3.04214505150443
-17.460393411578	-38.0884683642941	-3.11142322491987
-17.7464347767725	-38.0832298111291	-3.13052705965512
-18.0583040019596	-38.1125041276594	-3.01663588606382
-18.4366549287809	-38.1423448841858	-3.12636812758305
-18.7754142334383	-38.1326499299347	3.075612669904
-19.1280049026351	-38.0714699174522	2.84839229280465
-19.4480717215166	-37.9781177734964	2.87258184157016
-19.8077775526223	-37.8967306048816	2.96591437769617
-20.217657795816	-37.8655036581226	-3.13428315662744
-20.7692752749407	-37.9972482765427	-2.64438998503267
-21.1413665070546	-38.2611627326427	-2.48633364160376
-21.2250249668812	-38.3311051219201	-2.45635101862673
-21.2246371130676	-38.3307762096102	-2.456101162051
-21.2243089293912	-38.3304978994654	-2.45588974512444
-21.223995663528	-38.3302322400984	-2.45568793829867
-21.2236708359023	-38.3299567759907	-2.45547868335019
-21.2232833554026	-38.329628180263	-2.45522906722895
-21.2230450938117	-38.3294690945991	-2.45507623415959
-21.2229367196775	-38.3294822220745	-2.45500802221731
-21.2228283455433	-38.3294953495498	-2.45493981027502
-21.2227248975062	-38.3295078803217	-2.45487469887556
-21.2226079028255	-38.3295220520131	-2.45480106106092
-21.2224995286913	-38.3295351794884	-2.45473284911863
-21.2224779836201	-38.3296653423549	-2.45475089689768
-21.222512222624	-38.3299056717013	-2.45483303027965
-21.2225479502803	-38.3301564501496	-2.45491873467822
-21.2225833057363	-38.330404616061	-2.45500354623329
-21.2226134509835	-38.3306162106383	-2.45507585940895
-21.2226473178244	-38.3308539277092	-2.45515710003677
-21.2222268023683	-38.3307010073723	-2.4552259598171
-21.2218254003161	-38.3305550376199	-2.45529168976052
-21.2213857704994	-38.3303951663508	-2.45536367953442
-21.2209838910666	-38.330249022999	-2.45542948764935
-21.220568631103	-38.3300980138206	-2.4554974868381
-21.2201997244207	-38.329963861001	-2.45555789563578
-21.2221045458402	-38.331456010271	-2.46210025386294
-21.2240334748777	-38.3329670443371	-2.46872541285444
-21.2257212915568	-38.3342892020992	-2.47452243992472
-21.2275698484673	-38.3357372763469	-2.48087155033707
-21.2874987262307	-38.3674966110766	-2.76684677403515
-21.2989366823916	-38.3666893908383	-2.94466086687309
-21.3125036438866	-38.3653267256697	3.04985901635255
-21.213201885322	-38.1992662977116	1.05335528205512
-21.1104211678199	-37.8912794145554	1.43658746617342
-21.0309565404778	-37.3869531077936	1.38847627741983
-20.9403060529589	-36.8958205923961	1.41494822293858
-20.8689213626677	-36.424773625936	1.43872919611812
-20.8202056029903	-35.9378743785386	1.49381701642816
-20.8041320363775	-35.7313606437677	1.44830001834176
-20.7942785509444	-35.6623513181136	1.44097269902434
-20.7849605708856	-35.597092428284	1.4340435960437
-20.7749999607913	-35.5273328502774	1.42663661591952
-20.764825165701	-35.4560732180774	1.41907036201656
-20.7117882021558	-35.1427349635649	1.39657771218856
-20.618076031695	-34.5914530929612	1.41212100345511
-20.5437261240584	-34.1614620912015	1.41208795120444
-20.482381662319	-33.7099780354372	1.47615034853792
-20.4465407068197	-33.3634634274055	1.43734481087921
-20.379700153108	-32.9698764298088	1.4287820572714
-20.3152412194689	-32.5603457019347	1.41399991319043
-20.2359162421819	-32.0363345923111	1.42462073280929
-20.16538848479	-31.3851139352399	1.5464492969653
-20.1750590303721	-30.8863309267426	1.67886891766364
-20.2632677279967	-30.408383450113	1.80077016579544
-20.3389698553236	-29.9426275343967	1.58921652194592
-20.3176019814133	-29.5612389903213	1.53706079607703
-20.306783181825	-29.1356240241801	1.52618215395148
-20.2860476560137	-28.7499902497974	1.53374723404458
-20.2751634302322	-28.3791448985409	1.57725140215405
-20.275098049255	-28.0447465026808	1.57481237342079
-20.2691233504971	-27.7072003317266	1.52725832916197
-20.2492393715821	-27.3526662941529	1.54081057826395
-20.2441086607137	-27.0139227797707	1.57589228780672
-20.2422329650921	-26.6602632147255	1.54884689822815
-20.2175534641093	-26.2992266641641	1.50131285036788
-20.2048566399949	-25.9388274321594	1.55089844346746
-20.1928534505685	-25.5534567175488	1.51009005801799
-20.1561702088073	-25.135390202684	1.49384230962959
-20.1376621833637	-24.8383722115958	1.59104577059004
-20.1539701070121	-24.4725902823624	1.60116885634746
-20.1444382048696	-24.0929310091428	1.50618686707609
-20.0966556955057	-23.7152531557587	1.43445332897792
-20.041335388433	-23.3391235929401	1.42940060146477
-19.9831604933821	-22.9729792158799	1.42412597731851
-19.9380590115993	-22.6521864126293	1.44504142370027
-19.9020992691953	-22.3628893645509	1.49284663438169
-19.9035250367459	-22.1685373699047	1.7594231474907
-19.9780826344835	-21.988487227398	1.85582035971493
-20.0029431473346	-21.8638634748949	1.73475317587789
-20.0253717316607	-21.6798293537303	1.61334767293545
-20.0247504591019	-21.378588932395	1.61825968469937
-20.0377500543519	-21.1240047678734	1.65750806961565
-20.0940354054143	-20.7899474198931	1.79275024086985
-20.1995824308194	-20.4134052903945	1.92615254168381
-20.2602104115714	-20.0504761014595	1.54626416152043
-20.1713145081928	-19.5201413982608	1.42253120876932
-20.1348377232563	-18.9839468049253	1.49755280083889
-20.1340119681297	-18.9538609210126	1.49895628143387
-20.1332896071884	-18.9275421409214	1.50018402991417
-20.1327004758224	-18.9060774991072	1.50118533701413
-20.1320967730143	-18.8840819556905	1.50221141021775
-20.1313751059843	-18.8577884578331	1.50343797930356
-20.1297807432407	-18.8023550463007	1.53495439210423
-20.1314949559195	-18.5729534909436	1.62737633328135
-20.1991241236636	-18.0937347354075	1.77270398725686
-20.1986441127118	-18.0959849185713	1.77278141852898
-20.198217436755	-18.097985079298	1.77285024625466
-20.197843650449	-18.0997373052617	1.77291054227305
-20.1974351966853	-18.1016520444539	1.77297643054998
-20.1969596298344	-18.103881394674	1.77305314493765
-20.1960485691747	-18.105478230351	1.74271350784543
-20.1948884298089	-18.1070579606335	1.69890685288737
-20.1775025392	-18.102261774685	0.721709582411602
-20.1499925995469	-18.1249046550125	-0.0895712952653972
-20.1306427258696	-18.1426868044589	-0.369461098136969
-20.1264662549124	-18.1449538362206	-0.316107443187942
-20.1231486154736	-18.1467546853247	-0.27372520428857
-20.1157815609605	-18.1480241088608	-0.0358303397955862
-20.1222565638251	-18.1231038992583	0.988213775852623
-20.1499674498373	-18.1126138620863	1.7585807042858
-20.1659633771318	-18.1106528002861	2.0049261445677
-20.1679032132617	-18.1092616809867	2.00453363933359
-20.169600571898	-18.1080444501491	2.00419019684448
-20.1714393728734	-18.1067257864304	2.00381813500059
-20.173379211026	-18.1053346656804	2.00342562935722
-20.1752382186278	-18.1040015111357	2.00304947891713
-20.1753534454953	-18.1042422136764	2.00304997214053
-20.1751925283115	-18.1047539006316	2.00311171189524
-20.1750242968933	-18.1052888455026	2.00317625793221
-20.1748780083613	-18.1057540160439	2.00323238505218
-20.1747189197819	-18.1062598883745	2.00329342321877
-20.1745580025981	-18.1067715753297	2.00335516297349
-20.174587766322	-18.1064988326845	2.00331852826883
-20.1746120182677	-18.1062765977306	2.00328867774108
-20.1746384749633	-18.1060341593463	2.00325611349503
-20.174660522159	-18.1058321278229	2.00322897668558
-20.1746878055979	-18.1055821134997	2.00319539484185
-20.1761312966445	-18.1011157225873	1.98910012168996
-20.1786381107385	-18.0934763282318	1.9644571769168
-20.168769141331	-17.3241562390308	1.39022983668128
-20.0247186552559	-16.5506953074768	1.43608163816444
-19.9742635922531	-16.1679172456456	1.43635331499471
-19.8931570189375	-15.8550395244818	1.22483294929035
-19.8285225220976	-15.6172904871655	1.33829279985036
-19.7689024029194	-15.4728269100059	1.19088424540934
-19.742813265148	-15.2687123770995	1.73695756506257
-19.8063189819554	-15.0370705765028	1.75899654205905
-19.7987110851006	-14.735870827024	1.40581416449349
-19.775628262778	-14.4241424553118	1.63240918062485
-19.8347511250661	-14.1334803876666	1.80315575390592
-19.9051693191774	-13.7217386388345	1.65575013175212
-19.8820318802719	-13.2238877933916	1.47238410102589
-19.8411388328836	-12.7883759222291	1.49738157034275
-19.815815901423	-12.3789918304416	1.52541475800276
-19.807491684006	-12.0386000597627	1.56320710933191
-19.786042415975	-11.6177920488345	1.49022476836696
-19.7483018937159	-11.2628021888962	1.46449214118749
-19.7112415126377	-10.8575629025039	1.51730309135977
-19.6963196052788	-10.500266440529	1.53210311705275
-19.6806496969488	-10.1275874287606	1.53734733534378
-19.6698017338177	-9.70968572427326	1.56273492316652
-19.666129301823	-9.36264642124062	1.54900305961677
-19.6498945440424	-9.04130163868702	1.52989580642766
-19.6319595274316	-8.70120087240223	1.57339876276586
-19.6417328715679	-8.34354128527078	1.60862829417678
-19.6510743053815	-8.01774065670682	1.56383791167321
-19.6449326710659	-7.65929168978615	1.56510810677375
-19.6403063172736	-7.34200344206843	1.57825707989155
-19.6407630371126	-6.96247738120788	1.55720140155994
-19.6164175242046	-6.5369883296841	1.48141494802683
-19.5824597809163	-6.25599427608245	1.47124988168689
-19.5543788389189	-5.91723929207492	1.51784911576746
-19.5398054271871	-5.64723560123589	1.54359334711378
-19.5316845945964	-5.40562171406917	1.53042701276049
-19.5196686124283	-5.06457781587339	1.57654417266728
-19.5362920952463	-4.70937860686325	1.65074199165077
-19.5687292743921	-4.3200746804077	1.56488150092068
-19.5492659494149	-3.93197168750238	1.4876894509965
-19.5089821773332	-3.56515251541954	1.50932960671452
-19.4929025168069	-3.18961438993854	1.53758863042491
-19.4810501688529	-2.80828143683345	1.54212962852845
-19.4737137936371	-2.35449602517636	1.60440330472545
-19.4778492178637	-1.96655516404976	1.59109141185745
-19.4844456415978	-1.57822951880944	1.62203783883626
-19.4931718673653	-1.19465461320702	1.54565633139666
-19.4718158175306	-0.876329069515526	1.46768522992724
-19.419752973487	-0.463476641004776	1.46500654388054
-19.4070575445196	-0.059447867347544	1.70448589126335
-19.4176788619412	0.372416087154016	1.93168641510142
-19.4271105686093	0.406075947206898	1.60992511620452
-19.4264284468618	0.40559388957977	1.64003121335275
-19.4263477987148	0.405643940591376	1.63155333545561
-19.4262771578441	0.405687780991516	1.62412744040526
-19.4261964255167	0.405737884246255	1.61564071331822
-19.4261165342352	0.405787465539848	1.60724239848752
-19.4256667345527	0.404423506277644	1.59831334619718
-19.4255178035142	0.406701700247724	1.59725912709037
-19.4179226640234	0.415585798734294	0.86803416768725
-19.3935772562376	0.404753021137421	-0.065315081426939
-19.3868693296023	0.38410016197908	-1.08063832811181
-19.3983388209887	0.377722294601956	-1.48256474606333
-19.4028824964376	0.37525085963179	-1.53289511903145
-19.4037376041604	0.37490574088537	-1.55265984492242
-19.4045158591983	0.374591639637206	-1.57064821888463
-19.4093809135674	0.371786022389698	-1.96526338164149
-19.4398050413209	0.36996877531784	-2.88696589056681
-19.4472192235928	0.387625104591471	2.43502737075439
-19.4379057245729	0.417885831845701	1.5984535339941
-19.4343045737716	0.420066497199371	1.52319731916837
-19.4334618309013	0.420192839428704	1.52353323846833
-19.4325916091491	0.420323301233927	1.52388011091561
-19.4317122253243	0.420455136597688	1.52423063538665
-19.4309784911276	0.420565136477163	1.52452310357171
-19.4301366642812	0.420691341378135	1.52485865774241
-19.4302680645838	0.420618798576375	1.52494324358438
-19.4303979717012	0.420547080124634	1.52502686822361
-19.430530865189	0.420473712972854	1.52511241526834
-19.4306786905295	0.420392102320873	1.52520757434056
-19.4308339817962	0.420306369918793	1.52530753942654
-19.4305730088467	0.420645419978942	1.50974601776314
-19.4298477791056	0.421494016956699	1.4738916695931
-19.4291588101255	0.422300184935014	1.43983000294136
-19.4285206079534	0.42304695027544	1.40827817655173
-19.4276793421796	0.424031321920193	1.36668716856469
-19.4138549689711	0.427881907985423	0.757946350240553
-19.2617064422893	0.450689515406784	-0.00621281299959313
-18.7843557774666	0.359679686538675	-0.110215259534001
-18.4330136954516	0.365582997579756	0.139211778164397
-18.0362124119985	0.428065376697041	0.0660096160656659
-17.608156329442	0.406351420741907	-0.0676815837082619
-17.28889679002	0.389088912478655	-0.0195950354382814
-16.8974028400104	0.384352489052633	0.0083087426435709
-16.50659698429	0.390994614537643	0.00357421726874383
-16.0643944272432	0.377625999414954	-0.0342118374105655
-15.6619301778595	0.364709301428755	0.0176150967635847
-15.263407841712	0.377915004237634	-2.49139455892487e-05
-14.8070862693796	0.339707402982175	-0.0925684779584598
-14.3934018654002	0.304280142031404	-0.0723165327750463
-13.9295833223787	0.272534859662495	-0.0622984926164424
-13.4324085565565	0.246320507046136	-0.0522067427945352
-13.0848804862003	0.220859562263146	-0.0676538926235849
-12.626424139536	0.198039156528525	-0.00978319554305565
-12.1485125194219	0.197256931947655	0.0165138437010101
-11.6973847110034	0.206464996658175	-0.00314412149578249
-11.2868837213488	0.192191378941468	-0.0430753834675783
-10.8896796295159	0.171618875868138	-0.0614606294316471
-10.4632107950511	0.157813719338757	-0.0375328652777105
-10.0024293221614	0.142796476467957	-0.0190944061751623
-9.71866158094142	0.140504979157295	0.0212849906692874
-9.31452333048228	0.149053501304795	0.00175576975403632
-8.93332711053299	0.150787768452421	-0.0269721049183441
-8.50696527805383	0.125044051597457	-0.0338799640430251
-8.10774217119474	0.119141693671571	-0.0149761627916622
-7.70853931852305	0.105492653702822	-0.0394778827037156
-7.23500034936214	0.0877300138991807	-0.0266602864287234
-6.85081190877266	0.0779366500028417	-0.023833172853117
-6.31269128187157	0.0651783696939597	-0.0299530650584381
-5.82409423986988	0.0479666204069761	-0.0382395243806208
-5.54239695702041	0.0332667381282648	-0.0448189807915483
-4.99826417539684	0.0177763288171872	-0.0147445916292879
-4.57031095433358	0.0135583650885383	-0.0131247886554268
-4.06822860102717	-0.000870200387101469	-0.0239371488430212
-3.6451456123093	-0.00909596318485778	-0.00309117100479311
-3.29267824969163	-0.0145071720949909	-0.0279490746049438
-2.81188288359675	-0.0285861997844619	-0.0134385255611735
-2.35029377411484	-0.0268808334441765	-0.0190731941100947
-2.03135756233638	-0.0315379473774454	-0.0251173221795711
-1.54133325262903	-0.0498656248337598	-0.0192076003145395
-1.07787250978679	-0.0626290227772506	-0.0533528982683148
-0.527444760788542	-0.179540974428466	-0.534600858007024
-0.365079909026744	-0.41820167716565	-1.47780583737792
-0.434054092327412	-1.23176235303396	-1.6126890954288
-0.435011030944775	-1.28508124619615	-1.59575240908245
-0.434908356314306	-1.28334934389646	-1.59592885017383
-0.434800670184016	-1.28153290827025	-1.59611390327087
-0.434683449858542	-1.27955565108092	-1.59631534039379
-0.434561218155603	-1.27749386262891	-1.5965253893121
-0.434539444654733	-1.27604558312162	-1.59668548236363
-0.43479948819976	-1.27610793604924	-1.59672931648213
-0.435081202040205	-1.27617548505416	-1.59677680344384
-0.435330410708672	-1.27623524000815	-1.59681881118644
-0.435609415762191	-1.2763021395034	-1.59686584154274
-0.435858623888358	-1.27636189432736	-1.59690784919393
-0.436057661438098	-1.27621023092638	-1.5969992137263
-0.436241388038604	-1.2760702342214	-1.59708355004864
-0.436425114830684	-1.27593023737044	-1.59716788645892
-0.436601377913409	-1.27579592774557	-1.59724879679048
-0.436767688745082	-1.27566920157542	-1.59732513872393
-0.436722294158906	-1.27844337267294	-1.58598203964723
-0.436530661861275	-1.28289445718813	-1.56810191730202
-0.436295476550746	-1.28835715688352	-1.5461581104488
-0.436086205371175	-1.29321794349612	-1.526632204115
-0.413080623931146	-1.3926544849343	-1.12520690998792
-0.3933097255796	-1.42193895040471	-0.541318964840467
-0.380301075968227	-1.42344010336964	0.35486071715683
-0.378860642363519	-1.41449039620007	1.00110569266886
-0.377644363595437	-0.957128680243736	1.70963242958064
-0.420830591715995	-0.244264061644275	1.45925298105009
-0.333483124405841	0.229341432060579	1.21286850726418
-0.330510794998525	0.232176656414599	1.21131677276828
-0.327856929508284	0.234708106613449	1.20993129561399
-0.325309218637652	0.237138298804346	1.20860123754587
-0.322573080660693	0.239748226493342	1.20717280921294
-0.320131524409671	0.242077160676284	1.20589817023099
-0.320260456060313	0.242079366757647	1.20593621487982
-0.320432570030521	0.242082311708867	1.20598700159917
-0.320567802435685	0.242084625599112	1.20602690545008
-0.320709181922184	0.242087044668818	1.20606862315779
-0.320855171296659	0.242089542615882	1.20611170113327
-0.320111740988361	0.242648778681206	1.17735230228341
-0.319243202552594	0.242151885225027	1.0470526993299
-0.302550400981427	0.223101179843796	0.0169246961555965
-0.300770070046255	0.206442764369973	-0.910781072153331
-0.325597804508238	0.194725859402925	-1.81756460129195
-0.333938391076606	0.189405018193837	-2.05828434023551
-0.33648145261282	0.184114337847005	-2.05784154179474
-0.338731081524081	0.179434125709396	-2.05744983590793
-0.340858450309183	0.175008268111565	-2.05707941798151
-0.343230344241997	0.170073691249616	-2.05666642328194
-0.345162092908928	0.16605480906308	-2.05633006677404
-0.34518001533079	0.165959087717655	-2.05637594740384
-0.345197937768913	0.165863366277407	-2.05642182808195
-0.345213638555106	0.165779510394794	-2.05646202142577
-0.345231542286666	0.165683888863894	-2.05650785421588
-0.345249464724789	0.165588167423647	-2.05655373489399
-0.345137072726479	0.165570244977944	-2.05661300505753
-0.34477204245891	0.165682906404847	-2.05670959583136
-0.34440701184	0.165795567940187	-2.05680618669817
-0.344098140075135	0.165890896839875	-2.05688791735296
-0.343722580439651	0.166006808007195	-2.05698729430615
-0.343507217446046	0.166157301826892	-2.04764058487049
-0.343526964664074	0.166330180098542	-2.02760553564566
-0.343550791119629	0.166538770313631	-2.0034317908063
-0.34357304148294	0.166733562529279	-1.98085711099321
-0.342918231937553	0.16942342289391	-1.82716792085852
-0.221772729267138	-0.132348193868034	-1.10490568191908
0.043799216274059	-1.23265487234106	-1.67027838669655
-0.0841332345158264	-2.05885126936198	-1.83081082265576
-0.455083805703088	-3.07726723956958	-1.88313604563271
-0.558867091223379	-4.07124991551923	-1.53701727724628
-0.512425261534273	-4.88320097697148	-1.51721910088929
-0.469360940806912	-5.75562773503918	-1.51955217234438
-0.475803650098463	-6.56463883600855	-1.63086028821629
-0.573053944739413	-7.31389164535499	-1.87922347088177
-0.679543179618462	-7.479275508626	-2.36588632916453
-0.684447472628376	-7.47884597854262	-2.35144642161057
-0.68424171363899	-7.47684936036328	-2.35047825170524
-0.684045307564991	-7.47494349982688	-2.34955409062416
-0.683841886745939	-7.47296957049049	-2.34859692264957
-0.683598716797159	-7.47060992855285	-2.34745272075106
-0.685905265438137	-7.46935886081403	-2.29485873667023
-0.719341178064358	-7.65021852279345	-1.48963479668487
-0.603149514722254	-8.48867225890364	-1.59152385146297
-0.640690815475005	-9.3611666936449	-1.57886462665115
-0.634229462401703	-10.3404251991572	-1.5444499611959
-0.627792076648533	-11.0130260316013	-1.58763455401698
-0.681392534163191	-11.9707752666205	-1.6317279012008
-0.718943148014591	-12.6706077584315	-1.60642247584615
-0.753762494018813	-13.2918062901763	-1.61069289179682
-0.751696934897107	-13.7570087378744	-1.56359050503615
-0.759920016885565	-14.2423170821543	-1.5934283276406
-0.783044765051958	-14.7411469716938	-1.62680075082338
-0.805833172625614	-15.1523848380091	-1.62914851254604
-0.842240070186481	-15.7538988466965	-1.63978964644259
-0.913740661810313	-16.2887001092146	-1.92329179294079
-1.27999364378507	-16.8264171292994	-2.63324464593783
-1.63446290200436	-16.8755695446581	3.14025643611732
-1.63752475736861	-16.873730633653	3.14080795489311
-1.63967714542567	-16.872437936962	3.1411956551555
-1.64283297821571	-16.8705425842203	-3.14142120564346
-1.64622526480302	-16.8685052203574	-3.1408101678728
-1.64925680155179	-16.8666845182256	-3.14026411039535
-1.65093361935978	-16.8655938887244	-3.12014366699059
-1.65229412540716	-16.8646607387106	-3.09237304169589
-1.65392673402587	-16.8635409577598	-3.05904826354386
-1.66184664941919	-16.8650483186767	-2.6882728856265
-1.65923101316346	-16.8833437374585	-1.7135561174504
-1.6411708163081	-16.8878493299405	-1.02763871615497
-1.63823815529883	-16.8890917732459	-1.0274700754241
-1.6353054912416	-16.8903342178287	-1.02730143473957
-1.63249502750849	-16.8915248913502	-1.02713982109459
-1.63005114334239	-16.8925602607563	-1.02699928733735
-1.62699628813476	-16.8938544725139	-1.0268236201408
-1.62584495431859	-16.8941569502145	-1.02677922355514
-1.62577265565885	-16.8939115240003	-1.02680755935731
-1.6256969023733	-16.8936543706568	-1.02683724912085
-1.62562123150345	-16.893397497083	-1.02686690658345
-1.6255456428023	-16.8931409024405	-1.02689653184191
-1.62548323295054	-16.8930560562643	-1.02692783254054
-1.62549521955886	-16.8936894682065	-1.02695505754159
-1.62550507641445	-16.8942103369858	-1.02697744526768
-1.62551448376151	-16.8947074522511	-1.02699881203189
-1.62552432989334	-16.8952277543517	-1.02702117540128
-1.62553374794273	-16.8957254351634	-1.02704256647353
-1.6255227048317	-16.8959000364935	-1.0270871172872
-1.62550514877409	-16.8959579199109	-1.02713776529078
-1.62548691751795	-16.8960180295001	-1.02719036119514
-1.62546801101257	-16.8960803654281	-1.0272449051465
-1.6254531559012	-16.8961293436573	-1.02728776110829
-1.6254057757372	-16.8960158795966	-1.02729979531399
-1.62535031485372	-16.8958535475748	-1.02730023847102
-1.62528561055714	-16.8956641604136	-1.02730075548702
-1.62523708233471	-16.8955221200426	-1.02730114324902
-1.6251816215669	-16.8953597883594	-1.02730158640513
-1.5748724772757	-16.9783193680952	-1.0257905236721
-1.43887118458191	-17.2028709533611	-1.02170327369767
-1.09784674006145	-17.7619702099984	-1.02093577710289
-0.65683977439403	-18.6436772186532	-1.29052886066293
-0.669967802834933	-19.5980452133948	-1.8237087169677
-0.845895851282135	-20.4233325427938	-1.66049197323907
-0.858649327467437	-21.2900260971277	-1.50015477186226
-0.803595851252845	-22.1416013193077	-1.52921299016917
-0.79169399753534	-22.7872280095565	-1.54292727844102
-0.772108867815335	-23.4888297578941	-1.52972592619866
-0.754889574652087	-24.0314543660259	-1.53303451526221
-0.739024998689806	-24.6818712298617	-1.54077683880686
-0.717913505166531	-25.4182258699331	-1.54507649693475
-0.72225036529013	-26.2982780520649	-1.61750681103808
-0.920407429944035	-27.2722935477243	-1.83337577798383
-1.08860447345681	-28.0647896937305	-1.67118625611212
-1.10485441880672	-28.7790161876298	-1.5049243754451
-1.05916558336756	-29.7650297233978	-1.62626202867816
-1.09358042590788	-30.5497007374891	-1.59351908297305
-1.13499492421322	-31.6010332548566	-1.56520025245827
-1.12134115397773	-32.5272994162341	-1.56868391122169
-1.13334484896581	-33.2127016255805	-1.58718140453202
-1.15339277234055	-34.1436072733568	-1.52835330072787
-1.07670320689597	-34.7214055847627	-1.46649836900736
-1.05363872075315	-35.1265283171818	-1.51088644298356
-1.03106630100499	-35.6423574402254	-1.5361335322412
-1.03437831164409	-36.2997847347167	-1.66171062331199
-1.1085857467804	-36.8696092167284	-1.70819533945896
-1.20099517174403	-37.4792405785412	-1.7293672718734
-1.28995105625307	-38.1001678055982	-1.67196869838582
-1.35747365756074	-38.713539490582	-1.70854512451861
-1.41459291761605	-39.0816193664035	-1.71094210342671
-1.41593725799822	-39.0901521361645	-1.71081962440219
-1.41708955112613	-39.0974659475237	-1.71071464225619
-1.41836987682382	-39.1055924045894	-1.7105979954273
-1.41933012269749	-39.1116872575468	-1.71051051015983
-1.42059444432396	-39.1197121338993	-1.7103953214163
-1.42174673745188	-39.1270259452584	-1.7102903392703
-1.42280920778602	-39.1335944175019	-1.71018798177688
-1.42302892136941	-39.1339814855826	-1.71013600119739
-1.42326774048179	-39.1344022117573	-1.71007950056751
-1.42349700682968	-39.1348061088851	-1.71002525996283
-1.42372627285914	-39.1352100054518	-1.70997101943348
-1.42393006548679	-39.1355690256819	-1.70992280548732
-1.4241943583194	-39.1360346287542	-1.70986027819892
-1.42437558370873	-39.1363861746725	-1.70979746359135
-1.42438866439194	-39.1365544898853	-1.70970463973252
-1.4244010183887	-39.1367134544867	-1.70961697262581
-1.42441409907191	-39.1368817696995	-1.70952414876699
-1.42443008655545	-39.1370874880592	-1.70941069751289
-1.42444462064791	-39.1372745049623	-1.70930755989197
-1.4244569746265	-39.13743346933	-1.70921989291419
-1.42440305594465	-39.1376311417738	-1.71044007733537
-1.42423020548841	-39.137784233705	-1.71390016007953
-1.42405735479209	-39.1379373258488	-1.71736024762937
-1.42390370948863	-39.138073407967	-1.72043588581269
-1.42373085879231	-39.1382265001108	-1.72389597336253
-1.42352919988668	-39.1384051073993	-1.727932737365
-1.42335874965441	-39.138556073476	-1.731344772949
-1.42516732315007	-39.1398893985408	-1.85434317973552
-1.44113635507265	-39.1376272958061	-2.56229193528764
-1.46254984168078	-39.1246749647435	3.11334005750309
-1.46366413565728	-39.1086880753031	2.57192648433558
-1.44145331754033	-39.1006246650706	1.99703020027679
-1.4333681549787	-39.0952481358257	1.48250146426068
-1.42874142758758	-39.087999441306	1.43493649436888
-1.4261372815131	-39.0679850557991	1.44901286197642
-1.42353313543863	-39.0479706702922	1.46308922958396
-1.42078431458223	-39.0268443744794	1.47794761761414
-1.41818016850776	-39.0068299889725	1.49202398522167
-1.40874223507177	-38.8644225675869	1.50785362609758
-1.34945808201335	-38.1997102795491	1.45028107213425
-1.25793170824405	-37.4827468378697	1.51731600997388
-1.26164997970672	-36.9939469242618	1.61726827358608
-1.28778516686446	-36.5510057088	1.60388256860028
-1.2902086407409	-36.1067036720053	1.59253791066179
-1.3028379364255	-35.5992606577696	1.57804692757655
-1.28053338917474	-35.097856628836	1.48749623824223
-1.23054339980386	-34.6320003325009	1.50797937421777
-1.23080101837184	-34.0950160456341	1.5618885837209
-1.16154191551831	-33.5353588550913	1.31554060128704
-1.03581006622348	-33.010737537846	1.51504023109855
-1.02571741602747	-32.4994844739074	1.51304867201515
-1.02314660991414	-31.9561829740683	1.58932012312918
-1.02878487549877	-31.3819439402303	1.5549666511905
-0.973441389456403	-30.8286103170415	1.39746109209103
-0.871845884705638	-30.332859395543	1.43963568958919
-0.849622014503653	-29.8655013671831	1.5865526052761
-0.854981472746581	-29.4697577680319	1.59255792068219
-0.874153772576026	-29.1240531558586	1.62217341514542
-0.881787174571488	-28.8576205617458	1.59087219946235
-0.893835660401888	-28.5006381746341	1.61814651972126
-0.911658319515	-28.1467024599435	1.60291089041684
-0.919596617356875	-27.8983152154849	1.59267527215824
-0.924736715560176	-27.6029280481475	1.59775705567861
-0.933243870143575	-27.2510314049307	1.61195695948181
-0.942226946390186	-26.9397141020062	1.60276675707978
-0.953152987990139	-26.6480527506128	1.61217465515222
-0.965766418200905	-26.3114947952733	1.61249432519495
-0.981102108028216	-25.9615623832864	1.60959015796844
-0.995637657800428	-25.5586366925084	1.60258177158347
-1.01331840367403	-25.1395522339538	1.60463841116785
-1.01116298641364	-24.8517177801962	1.4704686022919
-0.944201753194867	-24.5078584771015	1.34077671291365
-0.879674723242136	-24.1702553581099	1.50416756407801
-0.895017031729564	-23.7826118729395	1.60532327799537
-0.884779889891256	-23.3930236016314	1.51537818094438
-0.864252311562283	-23.0222087081712	1.51125812116267
-0.859166479245713	-22.5830548848429	1.56212364416311
-0.837672600163764	-22.2249163843697	1.52713894534307
-0.823278805694766	-21.8450392044065	1.51652076779731
-0.763309331519697	-21.4056517626877	1.29422771114879
-0.499286665859954	-20.8868039082921	0.919690236655847
-0.197110699571008	-20.5466771210698	0.860826112096205
-0.189773696887823	-20.5384290682033	0.862712194897092
-0.183170394472957	-20.5310058206234	0.86440966941789
-0.17656709205809	-20.5235825730436	0.866107143938688
-0.169596939509064	-20.5157469228204	0.867898922599529
-0.163085349627737	-20.5084267759014	0.869572821085318
-0.155748346944553	-20.5001787230349	0.871458903886206
-0.150586836222801	-20.4944230086088	0.872765120884894
-0.150416050880843	-20.4945424227494	0.872671530969297
-0.150279422820758	-20.4946379539126	0.872596659153803
-0.150108637265318	-20.4947573682024	0.87250306912122
-0.149954930671037	-20.4948648407796	0.872418838314169
-0.149801223863275	-20.4949723135061	0.872334607390129
-0.149658190925903	-20.4950723229981	0.872256225718828
-0.149538994452357	-20.4951338792897	0.872169197829125
-0.149540406650694	-20.495045746148	0.872083138238389
-0.149542105704473	-20.4949397107961	0.8719795976315
-0.149543584101917	-20.4948474462692	0.871889503856677
-0.149545172827528	-20.4947482963299	0.87179268666582
-0.149546761555346	-20.4946491462528	0.871695869340494
-0.149548350280958	-20.4945499963134	0.871599052149638
-0.149549828676195	-20.4944577319242	0.871508958509281
-0.149530999844859	-20.4944162670504	0.871408570349393
-0.149517306164903	-20.4943861108128	0.871335560861529
-0.149501044919956	-20.4943503002807	0.871248862094693
-0.149485639551401	-20.4943163745605	0.871166726534929
-0.14946852243006	-20.4942786792164	0.871075464561026
-0.1494548287715	-20.494248523026	0.871002455187241
-0.147802931594795	-20.4922056621493	0.880232361044495
-0.137968480000107	-20.4801180084896	0.936023017650103
-0.086274214707446	-20.3412359781467	1.42695259219701
-0.100600293703026	-19.5940979355151	1.62053074676675
-0.124395295476352	-19.0682236011101	1.62849670424823
-0.212805315593159	-18.5035495814111	1.93152054479021
-0.509480044156364	-18.1661099503829	2.54206416990525
-1.05828350368487	-17.9111934201261	2.92786021356564
-1.63448088155095	-17.9282712356984	-2.97846104035723
-2.22148244062641	-18.0595542821069	-2.86688380799303
-2.79150949893296	-18.2238988198415	-2.89995885484849
-3.43723714210135	-18.3492002876957	-3.03052730491907
-3.92671936116574	-18.3803093674251	-3.10060963025443
-4.36812639927201	-18.3930347080826	-3.11397244897081
-4.78134855565379	-18.4086077850394	-3.09917068320616
-5.15795353384335	-18.4316760159602	-3.01030302005245
-5.28162792625695	-18.4478283593035	-3.04751737727912
-5.3892582194931	-18.4542581352327	-3.11028794059374
-5.43394241148112	-18.4551414420162	-3.11188356907578
-5.47614408629732	-18.4559756749738	-3.11339054931491
-5.52082827828534	-18.4568589817573	-3.11498617779695
-5.56985676671665	-18.4578281655892	-3.11673693682587
-5.62447084120783	-18.4589077639958	-3.11868715163119
-5.88661860161682	-18.4681489527553	-3.10275102320706
-6.3161260456099	-18.4805732398636	-3.11683036108703
-6.7441319082184	-18.4905156784171	-3.09513049234285
-7.09528640003849	-18.5061282494267	-3.09771152880184
-7.51752428014276	-18.5246243314774	-3.09346156020914
-7.94787879009229	-18.5485907986213	-3.11420544884363
-8.35618527835965	-18.5546212171822	-3.13042603780356
-8.65752046641348	-18.5518754669904	3.11069641425897
-8.87433193641747	-18.5394098537111	3.08010972456833
-9.08020541591823	-18.5283910988794	3.10028944812506
-9.31348937590302	-18.5268628872999	3.14139944658581
-9.53939389980498	-18.5284898134095	-3.13377296104752
-9.78604790614379	-18.5301671825615	3.13430186089245
-10.0804001335505	-18.5073180203679	2.97958359120811
-10.4093790998178	-18.421789312594	2.80518109056884
-10.7595798769106	-18.3113671331055	2.94838375044326
-11.1053418984627	-18.2815194546253	3.12151614434192
-11.5488330040387	-18.2839412910151	-3.13342857663533
-11.8512229589281	-18.2873530614491	-3.13887008641361
-12.1677081935388	-18.2876480507635	-3.13938345262028
-12.5369781620748	-18.3004403434202	-3.08488696708146
-12.913884191728	-18.3168396656897	-3.10869454408755
-13.3138431880002	-18.3315413341199	-3.1200642392873
-13.6992930461791	-18.3318229154468	-3.13946088156158
-14.1077964030956	-18.3397491009411	-3.10946162060352
-14.4758198751298	-18.3548108342328	-3.11659207582405
-14.8516552084538	-18.3614512425185	-3.12101218916637
-15.2189687295029	-18.3697019825231	-3.12422656984071
-15.6096331698872	-18.3670573679265	3.11290055148026
-15.8871192035521	-18.3578758616955	3.08716664753529
-16.2338467552954	-18.3396243378859	3.11639956626683
-16.6526153071633	-18.3362415073552	3.13752807483228
-17.0528594524428	-18.3361988246163	-3.13800419340234
-17.3810344279409	-18.3385378144879	-3.12887000355082
-17.7149289046462	-18.3451510961279	-3.12878760369761
-18.1291936226537	-18.3308829270451	3.11841688962189
-18.4774991019971	-18.3384782900877	-3.11116078110021
-18.8962122909607	-18.3508426961656	-3.13886141306674
-19.2545462125934	-18.3430811780765	2.95978109554913
-19.5549913281813	-18.1969822254022	2.61543071152782
-19.7095940920548	-18.100560100102	2.60918553150333
-19.7351769457572	-18.0840829375836	2.60265901080554
-19.7348884454198	-18.0842842031991	2.6028312129653
-19.7345278193971	-18.0845357856377	2.60304646602375
-19.7341816184152	-18.0847773047788	2.60325310895987
-19.7338546503404	-18.0850054065253	2.60344827201987
-19.7335228743995	-18.0852368623689	2.60364630483365
-19.7331622483767	-18.0854884448075	2.60386155789211
-19.7330463307649	-18.0856655286653	2.60414085316351
-19.7332182655077	-18.0857620687378	2.60451096282915
-19.7333710966025	-18.0858478822547	2.60483994965554
-19.7335310918936	-18.0859377184144	2.60518435825345
-19.733722130762	-18.0860449853106	2.60559559178643
-19.7338940657437	-18.0861415255172	2.60596570196612
-19.7340755526687	-18.0862434290686	2.60635637382245
-19.7342317364374	-18.0862858137874	2.60661052719689
-19.7344949547992	-18.0861466349746	2.60665747820094
-19.734772026759	-18.0860001309611	2.60670690031047
-19.7350213915228	-18.085868277349	2.60675138020905
-19.7352569026886	-18.0857437489376	2.60679338900215
-19.7355028043993	-18.0856137264425	2.60683725118613
-19.7357798760127	-18.0854672226121	2.60688667323389
-19.7359973230432	-18.0853102726765	2.60630399651859
-19.736232286692	-18.0847663082135	2.60013135175693
-19.7364320057934	-18.0843039384199	2.59488460370952
-19.7366434727836	-18.0838143710832	2.58932923113984
-19.7368549400675	-18.0833248030665	2.58377385085435
-19.7371016521924	-18.0827536397004	2.5772925661388
-19.7359865305935	-18.0825030015143	2.48893516027586
-19.7253611620872	-18.0555713181244	1.70268776528107
-19.7082917554079	-18.0504230379034	1.1331289742107
-19.6947405039698	-18.0697648528064	0.568696619908176
-19.6851693314289	-18.0832187005593	-0.017689769146271
-19.6826132697364	-18.0973438521037	-0.496676947359135
-19.6753885678151	-18.1055458925837	-0.499422099197787
-19.6648150822473	-18.1147775510282	-0.472326984282351
-19.3008709851935	-18.1964772024362	-0.0342549890965223
-18.8722311340584	-18.1935450713723	-0.028885776707247
-18.4587398125312	-18.1908823384639	0.0483242703799534
-18.028423865692	-18.1763133625293	0.0139188312993473
-17.5288773870566	-18.1747022318341	0.00999459905857293
-17.1658876544026	-18.1710216979009	0.0123423758440268
-16.854681942791	-18.1691475330175	0.0285028110880807
-16.4946288917289	-18.163826217907	0.0173688454015803
-16.1462498258609	-18.1619096794335	-0.0125482411432103
-15.7365582232746	-18.1667336883059	0.0118675598974098
-15.4095521957663	-18.1642600049488	0.0192350765901795
-15.0213603826451	-18.1606654558892	0.0201906181543251
-14.6127529088953	-18.1524326378555	0.00868914358044959
-14.1160188144792	-18.1435239838401	0.0472768770553609
-13.572564344243	-18.1306752221357	0.00449658250452763
-13.1295015663316	-18.1237514882623	0.0339995871393866
-12.6551200757541	-18.108914482535	0.0223066662102163
-12.2113515898787	-18.095880156565	0.0205452507304533
-11.7106195125412	-18.0914115723877	0.0123147702949822
-11.2338671771879	-18.0879178879061	0.0106763079691957
-10.8106471001815	-18.0892508370457	-0.0062857082472089
-10.3394899510422	-18.089265837945	0.0177451086419267
-9.8797699158454	-18.0921924679643	-0.00260809667773496
-9.48493762309487	-18.091610633869	0.00099152397568363
-9.03433703494554	-18.0905861007879	-0.002550467457072
-8.63328103980866	-18.0955988317329	0.00105037946726697
-8.2295123066635	-18.0977410170984	-0.000464047869460376
-7.73309733779683	-18.1024068273005	0.00457989292997141
-7.37508469063953	-18.0996919642452	0.0371579599093216
-6.89644326995688	-18.0866039548451	0.0174983970250087
-6.5101914051235	-18.0831913518307	0.00961540140290898
-6.12870187636295	-18.0839006089407	-0.013221882639904
-5.69834830267056	-18.0881923937318	-0.0279683281110923
-5.32240478307172	-18.1122747110818	-0.0628199787413315
-4.93729878499865	-18.126789607291	-0.00716086213015075
-4.55231221089611	-18.1218515131773	0.0327549411543735
-4.24257374586165	-18.1100811617062	0.0353360310574536
-3.86371115685261	-18.0979051036602	0.0465365404530246
-3.50461957317252	-18.0873841938662	0.0257628722131644
-3.44048852596207	-18.0861248712579	0.023253818322971
-3.43914510621069	-18.0864826186502	0.0253150597729748
-3.43772705586406	-18.0868602398762	0.027490808752157
-3.4362343693246	-18.0872577364267	0.0297810738490182
-3.43474168278513	-18.0876552329771	0.0320713389458794
-3.43339826489962	-18.0880129798725	0.0341325775330536
-3.43238680171531	-18.0883751123268	0.0358303911304953
-3.43278908174936	-18.0886855163986	0.0358697223918598
-3.43316901345135	-18.0889786762307	0.035906868637777
-3.43361599070824	-18.0893235692127	0.0359505699846611
-3.43401827130102	-18.0896339737155	0.0359899013006548
-3.43442055133507	-18.0899443777872	0.0360292325620192
-3.43482283136912	-18.0902547818589	0.0360685638233837
-3.43504467813961	-18.090448736705	0.0360963146083391
-3.43479053122587	-18.0903162147724	0.0360883857275376
-3.43448707222439	-18.0901579796291	0.0360789184071738
-3.43418361360223	-18.0899997446835	0.0360694510986478
-3.43388015460075	-18.0898415095401	0.036059983778288
-3.43362221407017	-18.0897070094704	0.0360519365441439
-3.43335289420636	-18.0895665757807	0.0360435342973272
-3.43068587182685	-18.0894997525151	0.032054649554481
-3.42660225615479	-18.0894940907789	0.0256619100782418
-3.42241256710204	-18.089488281977	0.01910311690289
-3.41859411631979	-18.0894829878791	0.0131254826164918
-3.41477566023414	-18.0894776937738	0.00714784002782712
-3.41095720945188	-18.0894723996759	0.00117020574142892
-3.11744281778879	-18.1346045814573	-0.280317607315096
-2.48983755374643	-18.3694653701665	-0.367790311351787
-1.89739388232262	-18.5509306699298	-0.261668225809131
-1.34196349251806	-18.6886378322489	-0.225878672947567
-0.726782894713347	-18.873842943982	-0.627664076659058
-0.605150580786102	-19.0315794777951	-1.16498194291208
-0.628766894867848	-19.6136093150794	-1.70320059391204
-0.703946172871277	-20.3370711336192	-1.64339666554161
-0.739187018165805	-20.9971290071873	-1.57203910433781
-0.732925773553983	-21.5158100579389	-1.53794848240181
-0.718017508085593	-21.9383607301425	-1.5317103860855
-0.717493521474518	-21.9646768788604	-1.53320857630185
-0.717044388935122	-21.9872336359435	-1.53449274265676
-0.71659525701952	-22.0097903616978	-1.53577690722811
-0.716171076877007	-22.0310939360213	-1.53698972932328
-0.715728183528471	-22.0533373425891	-1.53825605649202
-0.715279051612869	-22.0758940683434	-1.53954022106338
-0.714979582933287	-22.0941134499778	-1.54377018465386
-0.71519147583092	-22.0969832008004	-1.5575027510235
-0.715415832686712	-22.1000217560265	-1.57204309403203
-0.715640189542505	-22.1030603112526	-1.58658343704056
-0.721451883292272	-22.1494873236918	-1.77524015779603
-0.749763213385874	-22.1994520904159	-2.35447128423101
-0.761420880219303	-22.1981560610484	-2.95383245731748
-0.766705544650886	-22.1819865831428	2.74421747332825
-0.765205167902371	-22.1575264014062	2.25044743158214
-0.82629047450701	-21.9308801966064	1.65512028553226
-0.827278774401654	-21.4718233084473	1.66228514465686
-0.875609032282997	-20.9255968093079	1.67436528218184
-0.814181516122538	-20.4929347817359	1.03997410422157
-0.720077031585945	-20.414705041554	0.664548190422005
-0.117899084834929	-20.1264591270127	0.498727845822077
0.345577133850909	-19.8338365328165	0.567093098257475
0.888961725615653	-19.5143189689802	0.512345360639618
1.38391155153707	-19.2468090917148	0.482258091606448
1.97273979081624	-18.9681898885341	0.340876137001442
2.50465022609284	-18.7926159386273	0.309413135515899
2.94676001433148	-18.7216780840688	-0.00652495549393212
3.34081242448549	-18.7363275898822	-0.0163340355744783
3.70282711012958	-18.7430129379207	-0.00104518559270299
4.02608513877026	-18.7435750521127	-0.0159916619125744
4.53115391300066	-18.7630654874692	-0.0895128528901865
4.8713808184939	-18.8886266722806	-0.487863407549785
5.12079602652697	-19.0421999132021	-0.68499590251042
5.22404870864196	-19.1775021136948	-0.975903603557988
5.24665890020774	-19.2193930934687	-0.944916180374777
5.24352843264341	-19.2174780519982	-0.915560318888969
5.24060391689252	-19.2156890000981	-0.88813576407986
5.23726749751475	-19.2136479690571	-0.856848595917361
5.23732971453714	-19.2046791627325	-0.461314543109437
5.41711136863701	-19.20105215313	0.128090197634548
5.72193683869191	-19.1351856687254	0.219658521410097
6.06066156956231	-19.0644264528304	0.175838166917069
6.39366140818755	-19.0266512070287	0.0452799307007083
6.75928110334047	-19.0221638644758	0.0151180598284061
7.10566346287798	-19.0165246973161	0.0208075265754815
7.48145149539533	-19.0089592564642	0.0369985282421662
7.87201251463022	-18.9968660217582	0.0421307621946638
8.30505601174719	-18.9754451864275	0.0542114321546298
8.72703416159789	-18.9626913691746	0.0193617627137682
9.10825180548944	-18.9508540080815	0.0330791137455187
9.56901088531459	-18.9394447259272	0.0410002030527067
10.0112514712087	-18.9184044222542	0.065802293439515
10.4108321485041	-18.8958260576763	0.0629066391800629
10.9275004370117	-18.8729509274301	0.0555023421289697
11.3932632550622	-18.8496110377992	0.0536325483759317
11.8950229519803	-18.8180339751669	0.0674509371082485
12.3573870339037	-18.7883712196767	0.0614806943862545
12.9487639473243	-18.7523513037961	0.0594917877454802
13.4780480609945	-18.7217102916183	0.0336140778875217
14.0014775741899	-18.7034108790513	0.0710243601477844
14.4016823120606	-18.67053909949	0.074495507180138
14.8326340252068	-18.6427795206061	0.0594198050868278
15.2067575820462	-18.6290792261824	0.0115438212579634
15.5788701911645	-18.6333387778315	-0.019577152138265
15.9541765323059	-18.6313751841412	0.0400839175554442
16.3499093414581	-18.6126131050116	0.0730144966607402
16.7439604339497	-18.5838834120481	0.052456890524591
17.1047558978087	-18.5797105680608	-0.0396557772772982
17.6030931425116	-18.6223941672678	-0.104601459085484
18.074162160334	-18.6695549878675	-0.0811481637348557
18.5016600417712	-18.7008920049466	-0.0334720730944481
18.8559285292292	-18.7031991793326	-0.0239285145767384
19.2340535936464	-18.7160344514928	-0.0125437368030348
19.6338714399045	-18.7182745774381	-0.0254328265684623
