-0.00630512	-0.00202699	0.00081040995564597
0.122991716974863	-4.38545066323275e-05	-0.000483016135273573
0.0235050708254774	-8.42528001658349e-07	-4.17421351470715e-05
0.205071699210572	-8.41261643122873e-05	0.00159216429775344
0.0384156980488974	3.71125307075068e-05	0.00150868002745974
0.201871497374211	0.000498011988823269	0.00418613983903815
0.208165432872959	0.000301202031111841	0.00266553348725118
0.199147167459962	6.80121496309193e-05	0.000447237162290337
0.198916429812527	-2.04495758412211e-05	-0.000483016135273351
0.209030173810566	-8.81338749227781e-05	-0.000709616297500881
0.218903408299045	-0.000132405005927322	-0.00129400618956033
0.187998315451913	-2.36081478985932e-05	0.000143115891932499
0.198583287062889	0.00010626889821201	0.000691726811009374
0.209048062492131	4.59269068517286e-05	0.000608242540714787
0.198409445556226	1.27737141639567e-05	-0.000149079054097223
0.208675943550042	5.95599994802321e-05	0.000530721432584036
0.198112038109647	-0.000108725226976491	-0.00104951654084129
0.218697076574716	-8.04680336470068e-05	-0.000667874162353144
0.187631070264555	-3.371583780079e-05	-0.00036971605416003
0.218599594306519	-2.40812965372247e-05	-5.96316216385784e-05
0.187439318505805	5.84135471490266e-05	0.000679800486681037
0.218918069437064	8.27147744952034e-05	0.000608242540714787
0.18742632639641	-3.84271693270261e-05	-0.000357789729831914
0.218823838225698	2.89547107731668e-05	7.15579459666937e-05
0.187141954874439	-5.177524287691e-05	-0.00019678435140813
0.103540908086739	6.38282439681892e-05	0.000363752891996416
0.146416895947552	-0.000176680651117832	-0.00724524202910426
0.0116785508508718	-3.04789146683283e-05	-0.00451411375805111
-2.43627023685743e-05	2.41166102462512e-06	-0.0112286343545702
-0.000311989378295226	1.35650427168946e-06	-0.00560537243403969
-0.0001397462329897	3.6333245692472e-07	-0.0025999387034481
-0.000302241970971767	7.21287056606412e-07	-0.00269534929807058
-4.54999045059952e-05	-1.69774622225747e-07	-0.00746587902916818
0.0632120006778121	-0.00026433595460338	-0.00648195727212864
0.163617956860456	-0.000549739585055107	-0.00484805083922857
0.187444146482041	-0.000129109135333143	-0.00131785883821522
0.220206661463211	-8.65538579641438e-05	-0.00079310056779569
0.18856215035261	-8.99876587519312e-05	-0.000673837324517201
0.219623315555688	-4.4350145908742e-05	-0.000488979297436964
0.187941431576837	-6.13972353976037e-05	-0.000411458189307545
0.219345390029975	-0.000139008848412782	-0.00149675370313185
0.208770137379018	-0.000151834087657206	-0.00115089029762716
0.198607691107603	2.22939054718031e-05	0.000137152729769108
0.208458180990816	8.4193770578932e-05	0.000948142784055195
0.20862070164287	1.7557418948811e-05	-0.000280268621701607
0.197934951851371	-4.98166506914793e-05	-0.000220637000063695
0.198040579769677	1.78988820462734e-05	0.00016696854058873
0.20848740443194	0.000134182960264064	0.00128207986523243
0.19819495197262	3.33122635212506e-06	1.78894864917289e-05
0.208367184834737	9.98475410619211e-05	0.000566500405567716
0.198068190728922	-6.63861624924794e-05	-0.000494942459601244
0.197873198124504	-4.98227539388121e-05	-0.000709616297500881
0.208451655122806	-0.000138352645912753	-0.000912363811072625
0.197710702845505	-5.8844709875279e-05	-0.000602279378551618
0.208092588207244	-3.71262405413179e-05	7.15579459664717e-05
0.208165681275391	0.000100110211346288	0.000948142784055417
0.19730932002215	8.88791137967949e-05	0.000834842702942096
0.197509183751873	0.000107150058326403	0.000661911000189752
0.197587213742883	-1.52621410770826e-05	0.000125226405440992
0.187476701592577	2.51400837781388e-05	-0.000101373756785206
0.21831033115134	-9.27012341637081e-05	-0.000596316216387116
0.19763757104294	-5.71319575746985e-05	-0.000775211081302629
0.208529705638504	-3.12859480748797e-05	-0.00017293170275301
0.208658075145397	-3.55087426746076e-05	-0.000417421351470715
0.197190716151489	5.60677853952141e-05	0.000554574081239823
0.197359709858135	-5.74623855673501e-05	-0.000697689973172988
0.207488106603874	2.33187878724683e-05	0.000107336918950152
0.207569337785438	-7.86747893357972e-05	-0.000477052973108849
0.197304470911752	2.42784377029008e-05	0.000137152729768442
0.207666845079644	-5.46017894073568e-05	-0.000238526486554536
0.217580744094274	-1.19690543989217e-05	-0.000149079054096557
0.186644720620165	-2.81977057647129e-05	-0.000208710675735357
0.217998357226784	-3.50368347476725e-05	-8.3484270294587e-05
0.207746461969014	6.21179214395102e-05	0.000709616297500659
0.201574807352431	0.000137404867247837	8.94474324579786e-05
0.0601252155973743	-1.14168571004581e-05	-0.0103937916516288
-0.000214492997515366	8.61856173851729e-07	-0.00547418286643486
-0.00018686820361068	8.88511615075131e-07	-0.00658929419107834
-9.42471421477102e-05	3.46200331410679e-07	-0.0036733078929454
-0.000167367789154832	9.79477199396586e-07	-0.00823512694830741
-6.33729037998482e-05	2.7624877230724e-07	-0.00435907154179027
-0.000164116757377785	1.13236036981264e-06	-0.00930849613780449
-6.6622646332174e-05	3.22992503049041e-07	-0.00484805083922835
-0.000102369652790612	7.25658872981904e-07	-0.0104772759219232
-4.22483873439505e-05	2.28254409116471e-07	-0.00540262492046839
-9.26189831361731e-05	7.99433456859761e-07	-0.0113598239221766
-8.77440355336436e-05	7.8303734227535e-07	-0.0119501769763999
-3.57484776114114e-05	2.2042467489623e-07	-0.00616590967744379
-8.61191424376085e-05	7.66138134800296e-07	-0.012600161652262
-2.27489562820216e-05	1.51936660473104e-07	-0.00667874162353677
-5.52453644877675e-05	5.8282505859962e-07	-0.0126657564360648
-3.57483880908713e-05	2.3449414287428e-07	-0.00655947838025916
-4.71213718334687e-05	4.61355758959158e-07	-0.0132203305173046
-5.36203532576517e-05	5.76022042115591e-07	-0.0133872990578929
-1.78741720638621e-05	1.2055125578378e-07	-0.0067443364073394
-8.12425463214077e-06	9.07436190108869e-08	-0.013947836301297
-2.92485863103596e-05	2.05811989861434e-07	-0.00703653135336912
-5.84949937921812e-05	6.16330653090564e-07	-0.0143473681662765
-2.11239420294127e-05	1.53806582449997e-07	-0.00728102100208794
-5.52446560744331e-05	6.36657261463737e-07	-0.014788642166403
-5.03704894359752e-05	5.46971063445914e-07	-0.0149854265178109
-4.06228717703859e-05	3.08378425464797e-07	-0.00759110543460939
-8.77413090981276e-05	1.02540413918873e-06	-0.0152060635178741
-4.54975977805094e-05	3.47825625422337e-07	-0.00764477389408413
-8.61168954690735e-05	9.68682442112584e-07	-0.0152835846260044
-4.06228458848496e-05	3.11769794905428e-07	-0.00767458970490353
-7.79924992693389e-05	8.9046703541473e-07	-0.0154326636801012
-3.4123178012629e-05	2.63514487836817e-07	-0.00772229500221444
-9.26154554941624e-05	1.11218285063182e-06	-0.0154028478692823
-0.000103989884416986	1.1970270103216e-06	-0.0154922953017398
-3.41231811499534e-05	2.63107524231327e-07	-0.00771036867788677
-6.33685351660754e-05	7.55179129722186e-07	-0.0154863321395762
-3.24982632724273e-05	2.51159968423853e-07	-0.0077282581643785
-6.4993256281052e-05	7.83462626134123e-07	-0.015563853247706
-2.76235122813497e-05	2.14968483312769e-07	-0.00778192662385324
-8.61165120524002e-05	1.00024966489998e-06	-0.0155698164098703
-3.24982512537313e-05	2.5271030476819e-07	-0.00777596346168941
-4.71200951838346e-05	5.69235102367279e-07	-0.0155817427341982
-5.8494311728383e-05	6.72198138983139e-07	-0.0156234848693448
-3.08733372588163e-05	2.40258893239645e-07	-0.00778192662385346
-8.12412585245011e-05	1.00482043666161e-06	-0.0156711901666562
-2.9248415247636e-05	2.28834582458132e-07	-0.00782366875900031
-6.01191881260565e-05	6.87643475474262e-07	-0.0156890796531477
-1.46242069405359e-05	1.14504494660228e-07	-0.00782963192116415
-5.68689328081592e-05	6.99249645682962e-07	-0.0156533006801647
-5.68695198606463e-05	6.49369567693356e-07	-0.0156652270044921
-4.062279705586e-05	3.18068049537071e-07	-0.00782963192116415
-5.68687470505466e-05	7.10682247531803e-07	-0.0160230167343245
-2.43737492936256e-05	1.81538784952926e-07	-0.00744798954267645
-7.31174377144448e-05	8.78546685316781e-07	-0.01567715332882
-3.24982239420354e-05	2.56198566408073e-07	-0.00788330038063911
-6.82422856621047e-05	8.76219001196433e-07	-0.015635411193673
-7.14940067912572e-05	7.40174246064066e-07	-0.0156950428153115
-4.2247706969109e-05	3.31042701209299e-07	-0.00783559508332798
-6.33685959465024e-05	7.48919714917675e-07	-0.0156294480315089
-2.59985913286294e-05	2.03408516351841e-07	-0.00782366875900042
-7.79916510885764e-05	9.61905484645664e-07	-0.0155877058963618
-4.22477030129984e-05	3.31546557125808e-07	-0.00784752140765577
-3.89964226011276e-05	4.30064965331293e-07	-0.0155638532477063
-2.11238544674014e-05	1.65395385909361e-07	-0.00782963192116426
-3.08718256513256e-05	3.69416209787536e-07	-0.0156771533288199
-4.22456009658209e-05	5.09866818990834e-07	-0.0157069691396394
0	0	0
-1.29992932348778e-05	1.02014328127775e-07	-0.00784752140765566
-1.9497302316646e-05	2.92400870990372e-07	-0.0156473375180006
-2.4373669100976e-05	1.92003578986072e-07	-0.00787733721847528
-2.27478594992922e-05	2.55302401071909e-07	-0.0157069691396393
-2.27487610352237e-05	1.78796379853045e-07	-0.00785944773198355
-2.92471970767554e-05	3.3258671584178e-07	-0.0157308217882948
-2.11238485405244e-05	1.66151177137176e-07	-0.00786541089414738
-6.33682140959269e-05	7.80351353159406e-07	-0.0157606375991144
-4.87462992915612e-05	4.71897980762214e-07	-0.0156831164909839
0	0	0
-3.41231367433582e-05	2.68805015216856e-07	-0.00787733721847506
-3.73710241654961e-05	4.58482606847593e-07	-0.0156771533288199
0	0	0
-3.73729627979705e-05	2.93959767343947e-07	-0.0078654108941475
-5.52442919692074e-05	6.63389054068723e-07	-0.0156950428153115
-2.11238564401444e-05	1.65143453352114e-07	-0.00781770559683659
-6.49937378264989e-05	7.41915135862209e-07	-0.0157308217882948
-6.9867424063582e-05	8.69010882016365e-07	-0.0157248586261312
-3.24982269941686e-05	2.55810983963474e-07	-0.00787137405631111
-4.22455826941642e-05	5.11378320759484e-07	-0.0157427481126228
-4.2247695095078e-05	3.32554279695997e-07	-0.00787137405631122
-5.03705929299504e-05	5.37436637669484e-07	-0.015712932301803
-2.76234968298933e-05	2.16945163733924e-07	-0.00785348456981994
-4.3870057293896e-05	5.6161773831257e-07	-0.0157010059774756
-1.46242083068399e-05	1.14330085523009e-07	-0.00781770559683626
-6.98674033136649e-05	8.70677403177497e-07	-0.0157487112747865
-5.3619554184132e-05	6.32527613314492e-07	-0.0160230167343247
-2.76235677390764e-05	2.07720646061542e-07	-0.0075195474886427
-4.71203073616112e-05	5.50534794467076e-07	-0.0157606375991142
-1.94989380267024e-05	1.53254039031288e-07	-0.00785944773198355
-3.41217805691483e-05	3.83622147556447e-07	-0.0157367849504588
-1.29992907985519e-05	1.02324390745121e-07	-0.00787137405631122
0	0	0
-4.38694135614055e-05	6.1523768546877e-07	-0.01578449024777
-3.41216183267489e-05	3.97070726434027e-07	-0.0157844902477695
-2.76234916495625e-05	2.17604059304985e-07	-0.00787733721847528
-4.71202853287839e-05	5.5251139650985e-07	-0.0157964165720974
-2.92483877438621e-05	2.32322839962897e-07	-0.00794293200227769
-4.71210281923762e-05	4.89841612164105e-07	-0.0158441218694083
-2.92483932798238e-05	2.31625189362955e-07	-0.00791907935362235
0	0	0
-6.98676465765132e-05	8.49438543790524e-07	-0.0158321955450806
-2.92484015492626e-05	2.30578709029165e-07	-0.00788330038063911
-4.71204382569917e-05	5.39566614786423e-07	-0.0157964165720974
-3.8996063856449e-05	4.6021773035306e-07	-0.015730821788295
-2.27487610290616e-05	1.78796377398878e-07	-0.00785944773198355
-5.3620391485214e-05	5.65226888456172e-07	-0.0157606375991142
-6.49964662008096e-06	5.10071636220202e-08	-0.00784752140765588
-4.54955432038507e-05	5.2534206048866e-07	-0.015766600761278
-1.13743842371677e-05	8.89233995340856e-08	-0.00781770559683648
-3.73705439428205e-05	4.98770278334883e-07	-0.0157487112747863
-4.8745532861774e-05	5.37077325632979e-07	-0.0157188954639671
-9.74946810184399e-06	7.67432951546272e-08	-0.00787137405631122
-3.73720545677931e-05	3.71027764287622e-07	-0.0157367849504588
-2.274876316324e-05	1.78525071410095e-07	-0.00784752140765588
-4.06208225162215e-05	4.85904613742504e-07	-0.0157367849504586
-1.1374382110934e-05	8.91947052789221e-08	-0.00784155824549204
-1.62476063861343e-05	2.5560928502809e-07	-0.0157308217882948
0	0	0
-6.49979603046148e-06	3.84208883571455e-08	-0.0157427481126227
0	0	0
-4.87473518889005e-06	3.82263030593325e-08	-0.00784155824549182
1.13733319299675e-05	-1.78451755166694e-07	-0.0156890796531477
1.62491111967606e-06	-1.28196190139485e-08	-0.00788926354280295
-6.49858454567746e-06	1.41029618082919e-07	-0.0157546744369503
0	0	0
-4.8747356488691e-06	3.81681672232439e-08	-0.00782963192116437
-9.74856748229422e-06	1.53133041115878e-07	-0.0157069691396392
-2.76234890529104e-05	2.17933503819235e-07	-0.00788926354280295
-1.46239032342983e-05	1.40394086934352e-07	-0.0157129323018033
-3.73713638626053e-05	4.31837522678999e-07	-0.0158083428964251
-1.46242851342797e-05	1.04039687640718e-07	-0.00711405246149965
-0	0	0
-0.000173861074669532	1.83063070703887e-06	-0.0110020341923442
-0.000172243391916282	9.36738369896499e-07	-0.0054384038934514
3.08726273173629e-05	-3.18685791454875e-07	-0.0103222337056628
5.36233242206482e-05	-2.10086402246022e-07	-0.00391779754166399
0.00013324414708332	-7.82133502335708e-07	-0.00904015384043033
0.0359904163890817	-0.00024635530018504	-0.00841402181322359
0.045807467934034	-0.000120210647691112	-0.00473475075811458
0.0559179053492696	-0.000157583924930569	-0.00486594032571963
0.101151567934728	-0.000337870885649677	-0.00524161954204372
0.146478427337619	-0.00033620114276727	-0.00419210300120199
0.178935232830229	-0.000438514490941904	-0.004526040082379
0.210142688969843	-0.000449963635201282	-0.00378064481189511
0.199510930919873	-0.00027354778381768	-0.00260590186561216
0.209860367917362	-0.000251830481380843	-0.00200362248706099
0.198947272935421	-0.000104147811918812	-0.00106144286516918
0.208768512196731	-0.000141972769924094	-0.0013953799463462
0.198365464167332	-0.000163772681855252	-0.00186050659512804
0.198506825268013	-0.000207553300011876	-0.00146097473014883
0.209259293386828	-6.50668489540346e-05	-0.000977958594875039
0.19832656821923	-4.65517712196391e-05	-4.77052973109071e-05
0.208667801829474	9.37972278567296e-05	0.000727505783992388
0.197957701633911	4.50440405115361e-05	0.000363752891996194
0.20810721788488	6.39661968744598e-06	-0.00010137375678565
0.198032449305032	-4.28982775901761e-05	-0.000435310837962888
0.208185111962288	-0.000174385803388754	-0.00172335386535893
0.198339561228211	-6.42785302214267e-05	-0.000441274000126501
0.207557967081385	-7.15737433337506e-05	-0.000220637000063251
0.217150118959966	5.47882712030844e-05	0.000465126648782066
0.206862493036747	-3.60676665129497e-05	-0.000256415973046709
0.208027590468981	1.95028621362663e-05	-0.000107336918949708
0.198100703381582	1.0512777271314e-06	8.94474324582006e-05
0.208194957903001	5.66327269033474e-05	0.000125226405441214
0.217921979981652	3.40675717173354e-05	0.000590353054223502
0.207946287257024	0.000136785977486134	0.00107336918949685
0.197614826887466	-5.89796216356499e-05	-0.000644021513698023
0.208305456834262	-5.24888080473511e-05	-0.000184858027080015
0.198675917925304	-6.27755920110176e-05	-0.00104355337867768
0.208495559388183	-9.70506462625934e-05	-0.000584389892059445
0.197684713772719	6.79805339461742e-07	4.17421351470715e-05
0.207772470647123	4.31856127095682e-05	0.000351826567668301
0.218459831670899	-7.46567516975924e-05	-0.000787137405630967
0.187232955339532	-3.87713838734816e-05	-0.000137152729769108
0.210585270609455	5.3428901112193e-05	-2.38526486555646e-05
0.124795448308428	-6.84379690807316e-05	-0.0171321648968048
-0.000131620447419064	6.17700430728653e-07	-0.00469300862296729
-0	0	0
-0.00025673392305459	2.13216259229548e-06	-0.0114015660573237
-0.000113744888957402	7.43404607061027e-07	-0.00653562573160404
-0.000191734259242482	1.95439807017796e-06	-0.0143473681662765
-7.63709432623069e-05	5.87038039695573e-07	-0.00768651602923121
-0	0	0
-0.000139736260053819	1.61375690531696e-06	-0.0159574219505221
-0	0	0
-8.93654651610219e-05	1.08962276584603e-06	-0.0166193329507116
-0	0	0
-3.24980488947947e-05	2.77515652737449e-07	-0.00853924821866503
-0	0	0
-6.98667476835558e-05	9.11602026791119e-07	-0.0172872071130654
-0	0	0
-2.59983772477152e-05	2.2914402481484e-07	-0.00881355367820325
-0	0	0
-4.71199234775464e-05	5.76345462245235e-07	-0.0177642600861752
-0	0	0
-2.43733475957291e-05	2.29211442499002e-07	-0.00940390673242653
-0	0	0
-4.38709632672575e-05	4.82650044781374e-07	-0.0177284811131919
-0	0	0
-6.33670203038793e-05	8.59275582913328e-07	-0.0182413130592851
-0	0	0
-1.46240409442795e-05	1.34038648051926e-07	-0.00916538024587155
-0	0	0
-5.36185911958918e-05	7.01551022228824e-07	-0.0183844289512181
-0	0	0
-3.24978669836951e-05	2.98057456155325e-07	-0.00917134340803538
-0	0	0
-4.38696423723816e-05	5.82097986101182e-07	-0.0183963552755457
-0	0	0
-2.92480642470224e-05	2.69995817780909e-07	-0.00923097502967418
-0	0	0
-4.54934469106009e-05	6.75520040478397e-07	-0.0184858027080039
-0	0	0
-1.94987094888074e-05	1.79997212409762e-07	-0.00923097502967396
-0	0	0
-6.49921043866059e-05	8.59160244329673e-07	-0.0185573606539702
-0	0	0
-8.12397319578849e-05	1.10281125735753e-06	-0.018581213302626
-0	0	0
-4.06222732269425e-05	3.7911222541117e-07	-0.00933234878645983
-0	0	0
-6.01174045957737e-05	8.15749916121519e-07	-0.0185871764647896
-0	0	0
-3.4122705709455e-05	3.18861231092184e-07	-0.00934427511078795
-0	0	0
-7.96147525100639e-05	1.09379915914466e-06	-0.0186706607350837
-0	0	0
-4.22471665009929e-05	3.94024791042872e-07	-0.00932638562429622
-0	0	0
-9.42358913527276e-05	1.43345578981657e-06	-0.0187839608161973
-0	0	0
-8.77392362840086e-05	1.16627870559441e-06	-0.0186766238972478
-0	0	0
-4.54969282531486e-05	4.26504831784936e-07	-0.00937409092160735
-0	0	0
-0.000116983307782568	1.72169083934274e-06	-0.0187601081675415
-0	0	0
-3.08729173254287e-05	2.89229894669492e-07	-0.00936812775944329
-0	0	0
-8.12393791493454e-05	1.12665537199622e-06	-0.0187481818432143
-0	0	0
-4.22471570921426e-05	3.95032499348768e-07	-0.00935023827295156
-0	0	0
-9.42380742505363e-05	1.27885957299157e-06	-0.0187481818432143
-0	0	0
-3.73724788705491e-05	3.5012039743577e-07	-0.00936812775944329
-0	0	0
-8.28636684253464e-05	1.1844510898269e-06	-0.0187183660323949
-0	0	0
-6.66170977986545e-05	8.66893257519691e-07	-0.0187064397080672
-0	0	0
-3.24977986089814e-05	3.05421471023576e-07	-0.00939794357026225
-0	0	0
-5.36179808911878e-05	7.44453362153969e-07	-0.0187064397080672
-0	0	0
-4.38720108869417e-05	4.14150291578417e-07	-0.00943968570540976
-0	0	0
-2.59973959648089e-05	3.03865811726495e-07	-0.0187362555188866
-0	0	0
-1.62488993124716e-05	1.52710732402598e-07	-0.00939794357026225
-0	0	0
1.62445910975531e-06	-4.58202168607552e-08	-0.018801850302689
-0	0	0
-1.13744394812693e-05	9.23739030947602e-08	-0.0189091872216389
-0	0	0
4.87466677535542e-06	-4.61329756159985e-08	-0.0094635383540651
-0	0	0
1.13733615915428e-05	-1.68354263311597e-07	-0.0188495556000001
-0	0	0
-6.49955459728859e-06	6.16269085124238e-08	-0.00948142784055683
-0	0	0
-2.4371707422449e-05	3.43637038953775e-07	-0.0193623875460931
-0	0	0
-8.12447951020652e-06	7.31093862031e-08	-0.00899841170528282
-0	0	0
-3.89944937496797e-05	5.68994156342476e-07	-0.0189390030324583
-0	0	0
-0	0	-0.00938601724593457
-0	0	0
-2.43718185179221e-05	3.37436534725562e-07	-0.0188853345729836
-0	0	0
-4.87424994158674e-05	7.54583510268183e-07	-0.0189628556811132
-0	0	0
-3.57475462607986e-05	3.39374313497876e-07	-0.00949335416488495
-0	0	0
-4.386961835423e-05	5.83124753898131e-07	-0.0188853345729831
-0	0	0
-3.08728861030954e-05	2.92543693880327e-07	-0.00947546467839233
-0	0	0
-5.36167499943082e-05	8.30219223472993e-07	-0.0189330398702947
-0	0	0
-3.08728791166125e-05	2.93280091156288e-07	-0.00949931732704856
-0	0	0
-6.33659256652794e-05	9.34015070256036e-07	-0.0188614819243278
-0	0	0
-8.44883791378099e-05	1.21173618095668e-06	-0.0188793714108191
-0	0	0
-2.59982359762266e-05	2.44647234535948e-07	-0.00940986989459036
-0	0	0
-6.98650769290214e-05	1.02447624554555e-06	-0.0188257029513443
-0	0	0
-3.41226789671611e-05	3.21709942159364e-07	-0.00942775938108209
-0	0	0
-0.00010723602988262	1.4834710530857e-06	-0.0188197397891807
-0	0	0
-3.57475824832642e-05	3.35537277660636e-07	-0.00938601724593457
-0	0	0
-7.31157619526623e-05	9.91381744069394e-07	-0.018766071329706
-0	0	0
-3.08729138689895e-05	2.89598094424896e-07	-0.00938005408377096
-0	0	0
-7.14908442662233e-05	9.77709247878311e-07	-0.0188078134648531
-0	0	0
-4.87415084645213e-05	8.25651867431273e-07	-0.0188316661135079
-0	0	0
-1.94986747942557e-05	1.83717972045972e-07	-0.00942179621891803
-0	0	0
-9.2611722091483e-05	1.36604840926939e-06	-0.0188972608973113
-0	0	0
-3.0872900024259e-05	2.91070894953703e-07	-0.00942775938108165
-0	0	0
-8.12381564523927e-05	1.21163639916815e-06	-0.0189032240594749
-0	0	0
-5.84960440601203e-05	5.4906100228473e-07	-0.00938601724593502
-0	0	0
-7.14890080487427e-05	1.10637764528497e-06	-0.0189270767081302
-0	0	0
-9.42373176103235e-05	1.33163484994193e-06	-0.0188555187621637
-0	0	0
-6.01208698508443e-05	5.71124398139049e-07	-0.00949931732704856
-0	0	0
-8.7738133013988e-05	1.2439835277092e-06	-0.0189032240594749
-0	0	0
-3.24977693252296e-05	3.08522102205446e-07	-0.0094933541648845
-0	0	0
-0.000128357632002741	1.82105016678419e-06	-0.018837629275672
-0	0	0
-6.66204609671281e-05	6.28894894833863e-07	-0.00943968570541021
-0	0	0
-0.000112110308392041	1.55652940693675e-06	-0.0188018503026885
-0	0	0
-7.47449368182079e-05	7.0246938117943e-07	-0.00939794357026269
-0	0	0
-0.000108859407818035	1.60553322174303e-06	-0.0188257029513448
-0	0	0
-0.000107236899898681	1.4215976265306e-06	-0.0188197397891807
-0	0	0
-6.66204459530086e-05	6.30483963095099e-07	-0.00946353835406466
-0	0	0
-0.00011211303176466	1.37825713051942e-06	-0.016488143383107
-0	0	0
-0.000180367164626045	1.13688054724372e-06	-0.00630306240721268
-0	0	0
-0.000233986298703375	1.86459284323673e-06	-0.0135125254633346
3.41235996398347e-05	-2.01655548467346e-07	-0.00590949370439731
3.89978820753099e-05	-2.95267515612919e-07	-0.00929060665131276
-1.94992513349787e-05	1.04534216162428e-07	-0.00776403713736196
-5.84983492171491e-05	1.74030493034677e-07	-0.00360174994697848
-1.61575500259795e-06	6.0645910886889e-07	-0.0143294786797852
-7.9622442918047e-05	3.29039344540434e-07	-0.00413247137956319
-0.000160864914937775	1.34246740206292e-06	-0.0109662552193615
-0.000191734707192044	1.91556401832852e-06	-0.0136556413552671
-6.66215097002548e-05	5.05740622925959e-07	-0.00759110543460917
-0.000183607898192966	2.07028054471104e-06	-0.0143056260311294
-5.03729398896887e-05	2.96480462211812e-07	-0.00588564105574196
-0.000411102635802682	3.030392770226e-06	-0.0110735921383109
3.24987275846198e-06	-1.81394111394246e-08	-0.00558151978538435
6.17469572602871e-05	-4.24568874331167e-07	-0.00901630119177455
4.71236579641366e-05	-1.49292218438784e-07	-0.00774614765087023
0.0182069784243114	-0.000161592880517524	-0.00947546467839189
0.0501558367611187	-0.000132297250738172	-0.00498520356899679
0.0523739001170934	-0.000142932745826994	-0.00459759802834547
0.0962751642067556	-0.000296841878140395	-0.00519987740689665
0.208394116108496	-0.000490802890178553	-0.00403109762277776
0.199681441213366	-0.000328682307550636	-0.00313662329819575
0.198978002257703	-0.000233914801902734	-0.00211692256817475
0.209585891476892	-0.000121422372179706	-0.000995848081366546
0.19860596444454	-0.000179783252328627	-0.00177702232483323
0.209355153140343	-9.49475718457242e-05	-0.000924290135400518
0.219584280223705	-0.000125306979732927	-0.000966032270547146
0.188540969368067	-0.000161408907887241	-0.00143115891932943
0.219646015904483	-0.000121544427897816	-0.00124033773008492
0.188048619122796	-0.000151775333124825	-0.00132978516254401
0.219215443067628	-6.2496061106105e-05	-0.000673837324516313
0.208693825163935	-3.59738100216955e-05	-0.000286231783866775
0.208238824611305	-6.69961998888509e-05	-0.00083484270294143
0.197484819193578	-8.97010331031597e-05	-0.00079906372995886
0.207829262469778	-0.000170672838406642	-0.00149079054096735
0.197531958782843	-4.54063262612572e-05	-0.000542647756913262
0.197839079841237	-4.03941530203169e-05	-0.000417421351470715
0.2079349320681	-0.000117852271043662	-0.000971995432711203
0.197982079963823	-7.30769401324251e-06	-9.54105946222583e-05
0.207868335363235	5.71395755619491e-05	0.000620168865042459
0.218196582948008	8.84644945742634e-05	0.000763284756975402
0.187570940327254	6.29258478686652e-05	0.000518795108256143
0.218898588399226	4.09500444904527e-06	-2.38526486544544e-05
0.187783817440104	4.16104888503552e-05	0.000322010756848456
0.218076357901633	-6.13621307764961e-06	-2.38526486553425e-05
0.187297957126383	-9.85826244865803e-06	-0.000327973919013402
0.218584922813873	-0.000137142767466699	-0.000805026892122029
0.187239459210182	-1.40141001386705e-05	-0.00033990024334063
0.21883682839844	5.41110620913511e-05	0.000727505783991944
0.198112055333208	8.20841339085714e-05	0.000691726811008486
0.207894317324471	9.92276852212984e-05	0.00085869535159766
0.197364591381963	-3.43608855499626e-05	-0.000322010756849345
0.207744850365406	7.41292651805633e-06	8.34842702950311e-05
0.197947950088671	-3.98839012561159e-05	-0.000447237162290115
0.207772466594136	-5.50367400207617e-05	-0.000554574081239601
0.197699305665927	-9.12573746544372e-05	-0.00079906372995886
0.207866723645393	-4.56743606920204e-07	0.000149079054096113
0.197980456375739	-1.15354502865888e-05	-0.000137152729768886
0.208284337111815	2.21961147898282e-05	0.000357789729832803
0.197956080535725	-2.44296002957765e-05	-0.000143115891932943
0.208217697335421	8.2510240141013e-05	0.000554574081239601
0.207881327254458	-9.00953556540332e-05	-0.000453200324454173
0.21827460146985	-2.00608461641992e-05	-0.00036971605416003
0.197510839439447	2.8337753935152e-05	0.000441274000126057
0.208082840943273	-3.04759393336112e-05	-0.000250452810882429
0.197572581461422	5.15626745232296e-05	0.000536684594748316
0.207972345369424	4.47723258627068e-06	1.19263243281154e-05
0.1972881891813	0.00010208702128936	0.000888511162416172
0.208100713007955	4.45133145234649e-05	0.000196784351408574
0.197301221243882	1.4060417901337e-05	2.98158108194002e-05
0.207743226044962	-7.18832409205613e-06	-5.36684594756309e-05
0.197330471939089	5.40348144222481e-06	5.36684594747427e-05
0.20899928971967	-9.49729612610794e-05	-0.00095410594621903
0.198092566717316	-6.00108027745605e-05	-0.000608242540715231
0.208006435975766	-0.000108850220630711	-0.000816953216450145
0.217700988351465	-3.06336424904709e-05	-0.000447237162290115
0.20686574357864	2.85635385297673e-05	0.000447237162290115
0.207158235808627	3.89689709098025e-05	0.000339900243339741
0.197278467086185	4.85599080139545e-05	0.000375679216324087
0.208029216655484	2.08348664869637e-05	0.000363752891995972
0.197106202491519	8.26743159954807e-05	0.000101373756786316
0.118466199316173	-4.03231508088742e-05	-0.0100777440569439
-0.000233991494863041	1.08941108055742e-06	-0.00691726811009108
-0.000177115345857354	1.30520443249596e-06	-0.0101433388407468
-7.63717949690324e-05	4.63165168954326e-07	-0.00606453592065836
-0.000123490730270237	1.17873301751943e-06	-0.0135840834093006
-3.57481986909299e-05	2.61780267852173e-07	-0.00732276313723457
-9.42415130316073e-05	1.02361397689883e-06	-0.0154684426530851
-3.73729024311448e-05	3.01537043223344e-07	-0.00806815840771868
0	-0	0
-6.4993047102728e-05	7.93877219364455e-07	-0.0166252961128759
0	-0	0
-2.59984470462062e-05	2.21082319483529e-07	-0.00850346924568157
0	-0	0
-4.06203220838594e-05	5.20513048203098e-07	-0.0173468387347047
0	-0	0
-1.78736904036864e-05	1.72312307200126e-07	-0.0176688494915531
0	-0	0
-1.29991679158035e-05	1.16897497823739e-07	-0.0089924485431192
0	-0	0
-1.56145540366249e-09	-1.16578151015746e-07	-0.0178775601672889
0	-0	0
-9.74936963850424e-06	8.8370762534581e-08	-0.00906400648908612
0	-0	0
6.49797077361631e-06	-1.77041866940415e-07	-0.0181637919511539
0	-0	0
6.49957623527957e-06	-5.93014298652425e-08	-0.00912363811072492
0	-0	0
-4.87427046333938e-06	7.44827948311199e-08	-0.0183367236539071
0	-0	0
-3.73706671580279e-05	4.79176862209721e-07	-0.0184440605728566
0	-0	0
-2.43733855270738e-05	2.25141856800267e-07	-0.00923693819183757
0	-0	0
-6.49911055179141e-05	9.31236334769173e-07	-0.0184977290323314
0	-0	0
-5.52461003823871e-05	5.3568858890688e-07	-0.00969610167845669
0	-0	0
-9.26118746372153e-05	1.36130250211435e-06	-0.0181339761403354
0	-0	0
-4.22472131959937e-05	3.8898625405607e-07	-0.00920712238101817
0	-0	0
-0.000113733139437297	1.720651925999e-06	-0.0186050659512818
0	-0	0
-7.47401999111435e-05	1.04007992672844e-06	-0.018545434329643
0	-0	0
-4.22471805747745e-05	3.92513228565694e-07	-0.00929060665131232
0	-0	0
-7.14912223268242e-05	9.51675376475978e-07	-0.0185931396269545
0	-0	0
-2.59982591978528e-05	2.42166723607605e-07	-0.00931445929996766
0	-0	0
-6.3366950719264e-05	8.63189572519874e-07	-0.0186110291134449
0	-0	0
-4.0622277743794e-05	3.78627756870636e-07	-0.0093204224621326
0	-0	0
-6.01175650638014e-05	8.03851798615558e-07	-0.0186706607350837
0	-0	0
-3.24978131479172e-05	3.03871146286835e-07	-0.00935023827295201
0	-0	0
-7.31152199405769e-05	1.03069955869186e-06	-0.0186468080864284
0	-0	0
-6.49917881258726e-05	8.81124860820983e-07	-0.0187124028702303
0	-0	0
-2.27484615794716e-05	2.13523723815285e-07	-0.00938601724593457
0	-0	0
-5.36171993632528e-05	8.00687992281488e-07	-0.0186110291134458
0	-0	0
-2.27484768017709e-05	2.11895892632399e-07	-0.00931445929996855
0	-0	0
-5.19933317281635e-05	7.12052283235598e-07	-0.0186646975729197
0	-0	0
-2.92480350932943e-05	2.73135213081216e-07	-0.009338311948623
0	-0	0
-7.14909806495827e-05	9.68563086249897e-07	-0.0186408449242652
0	-0	0
-7.31141390220272e-05	1.10712564897029e-06	-0.0186825870594109
0	-0	0
-3.73724788653567e-05	3.50120402730637e-07	-0.00936812775944329
0	-0	0
-6.98656518032906e-05	9.85023304253592e-07	-0.0186468080864284
0	-0	0
-4.71218159050893e-05	4.42018141352742e-07	-0.00938005408377141
0	-0	0
-8.93629718288392e-05	1.26423506486104e-06	-0.0187422186810497
0	-0	0
-5.03716075686344e-05	4.71300656271163e-07	-0.00935620143511606
0	-0	0
-8.44889523748236e-05	1.17210880638759e-06	-0.0187362555188866
0	-0	0
-3.57475904757581e-05	3.34684604430427e-07	-0.00936216459727923
0	-0	0
-8.12392902969632e-05	1.13239104524771e-06	-0.0188435924378361
0	-0	0
-8.28640048967524e-05	1.16030622281805e-06	-0.0188018503026885
0	-0	0
-4.06222459908685e-05	3.82019072358819e-07	-0.00940390673242675
0	-0	0
-0.000100738173154442	1.3016822999185e-06	-0.0188435924378361
0	-0	0
-2.11235655429982e-05	1.98901842972609e-07	-0.00941583305675309
0	-0	0
-8.61126610751621e-05	1.26985159075861e-06	-0.018849555600001
0	-0	0
-3.24977766775542e-05	3.07746944707247e-07	-0.00946950151622872
0	-0	0
-4.87431907784109e-05	7.06323224263713e-07	-0.0189032240594749
0	-0	0
-6.33650640432914e-05	9.95229635420413e-07	-0.0188495555999992
0	-0	0
-4.06222139597266e-05	3.85410393746154e-07	-0.00948739100272089
0	-0	0
-5.36168103805834e-05	8.26673255754717e-07	-0.0188495556000001
0	-0	0
-4.0622044737286e-05	4.02851407049196e-07	-0.00991673867851972
0	-0	0
-0.000105610918511437	1.48350871959403e-06	-0.0184082815998732
0	-0	0
-5.03715510078295e-05	4.77308141253947e-07	-0.00947546467839189
0	-0	0
-7.96132627960616e-05	1.19704363311515e-06	-0.0188972608973117
0	-0	0
-5.36213284885941e-05	5.08102212303755e-07	-0.00947546467839278
0	-0	0
-8.44881201974048e-05	1.2298640686524e-06	-0.0189151503838021
0	-0	0
-9.26138721411379e-05	1.21484349830691e-06	-0.0189091872216389
0	-0	0
-5.36213224259889e-05	5.08741716744877e-07	-0.00948739100272089
0	-0	0
-0.000100737469840626	1.35133789773215e-06	-0.0188912977351468
0	-0	0
-4.71217894641144e-05	4.44828093938555e-07	-0.00943968570540932
0	-0	0
-0.000121859077968478	1.68873296770385e-06	-0.0188853345729836
0	-0	0
-5.68711123950147e-05	5.38218020090189e-07	-0.00946353835406555
0	-0	0
-0.000113735998800858	1.51523662806655e-06	-0.0188435924378361
0	-0	0
-9.42353488716165e-05	1.47077719901175e-06	-0.0188674450864923
0	-0	0
-5.68711380012578e-05	5.35504963696397e-07	-0.00941583305675309
0	-0	0
-7.96141703033331e-05	1.13315506423159e-06	-0.0188614819243282
0	-0	0
-5.19964661123539e-05	4.89914603015947e-07	-0.00942179621891803
0	-0	0
-7.14905958795895e-05	9.94848831709383e-07	-0.0188555187621633
0	-0	0
-5.03715623731812e-05	4.76106640290328e-07	-0.00945161202973743
0	-0	0
-6.98667341644371e-05	9.07104762441083e-07	-0.018921113545967
0	-0	0
-2.27484539263184e-05	2.14337639839369e-07	-0.00942179621891803
0	-0	0
-6.98649276158242e-05	1.03329272720165e-06	-0.0190045978162603
0	-0	0
-6.66161024119955e-05	9.36633805731384e-07	-0.0188972608973117
0	-0	0
-4.54968718987153e-05	4.32473550964154e-07	-0.00950528048921129
0	-0	0
-9.58619251589847e-05	1.36657430838611e-06	-0.0189091872216398
0	-0	0
-6.33706465999557e-05	6.01995988277492e-07	-0.00949931732704812
0	-0	0
-9.42385455496225e-05	1.2451129467693e-06	-0.018915150383803
0	-0	0
-6.01208493786284e-05	5.73275461706094e-07	-0.00953509630003069
0	-0	0
-9.09880770612858e-05	1.26281175094261e-06	-0.0189509293567864
0	-0	0
-9.91118422108981e-05	1.38746627215316e-06	-0.0189688188432777
0	-0	0
-4.22471001250003e-05	4.01078731764514e-07	-0.00949335416488406
0	-0	0
-8.93631618560476e-05	1.24894548147279e-06	-0.018980745167605
0	-0	0
-3.08728930698571e-05	2.91807297645506e-07	-0.00945161202973743
0	-0	0
-0.000120233145661615	1.76083939025265e-06	-0.0183188341674159
0	-0	0
-6.17468122912718e-05	4.6247570372721e-07	-0.00748973167782285
0	-0	0
-0.000407842044543204	4.1244631269439e-06	-0.0136735308417588
0	-0	0
-2.43738631267892e-05	1.65550840597976e-07	-0.00679204170465031
0	-0	0
0.00010236711881466	-1.03808948692954e-06	-0.011109371111294
1.94997740553984e-05	-1.88673887143552e-08	-0.0100777440569439
-8.12463239848845e-06	6.26449658214921e-08	-0.00487190348788413
-2.76143002336249e-05	7.78184909721321e-07	-0.0163688801398294
-5.03733285350371e-05	2.20783892310386e-07	-0.00438292419044561
0	-0	0
-0.000102368681236353	8.37223982318174e-07	-0.0113956028951598
-6.66219140583556e-05	4.49327411373748e-07	-0.00674433640733962
-0.000108864897508815	1.20933460890178e-06	-0.0150450581394495
0	-0	0
-7.47462139935208e-05	5.50033090769341e-07	-0.00735854211021891
0	-0	0
-0.000162489026545913	1.45590294741744e-06	-0.0128088723279971
0	-0	0
-0.000308734176443764	2.14842112500986e-06	-0.0112465238410628
0	-0	0
4.06234026828969e-05	-2.27953939648491e-07	-0.00561133559620419
7.79958900271354e-05	-5.75429034340906e-07	-0.00895666957013663
1.13748515363889e-05	-2.45197952594907e-09	-0.00765073705624708
-7.63725715094457e-05	3.00919249139866e-07	-0.00483612451490067
0.0806958221602603	-0.000452762320233401	-0.00844980078620772
0.0642686490226553	-0.000147116390335328	-0.00395357651464678
0.165571502497114	-0.000454084609350394	-0.00410861873090873
0.200269512593233	-0.000385264411942774	-0.00382835010920601
0.199806457235378	-0.000376180443066446	-0.00358386046048675
0.209859932008745	-0.000451537763133186	-0.00407880292008933
0.209016775397174	-0.000370023281502039	-0.00340496559557124
0.219756467217907	-0.000197290543915749	-0.00126419037874204
0.198022618493713	-0.000152639609624996	-0.00174720651401383
0.188502043817801	-6.28722724600852e-05	-0.000345863405503799
0.199171550727696	2.78108845839847e-05	-7.15579459669158e-05
0.198313553951788	-8.38020400769656e-05	-0.000286231783865887
0.208441953106596	7.07794619147096e-06	-0.000387605540652203
0.198016203952895	-2.84811261174272e-05	-0.000256415973046487
0.208493888629633	-0.000131123494872603	-0.001616016946409
0.197522119806773	-0.000174342166553383	-0.00169950121670226
0.197839076322932	-5.81042752545806e-05	-0.000143115891933832
0.207642321501287	0.000229374597688177	0.00185454343296421
0.207476730184778	-2.72084629003174e-05	-0.000304121270357172
0.217663604238768	-5.14104353378422e-05	-0.00083484270294143
0.207665166726902	-0.000146645732816479	-0.00103162705435
0.207739933938335	-0.000117127734396976	-0.00129400618956144
0.197601814548675	-9.43409297212918e-05	-0.000214673837898971
0.208136466691445	1.6303128269043e-05	0.000161005378425116
0.217990225489801	4.81718844545015e-05	0.000483016135273573
0.186753564104874	-7.76009657052115e-05	-0.00120455875710146
0.217925191270269	-0.000134250824614669	-0.000912363811072403
0.0933491706137157	-1.85799175531897e-05	-0.0004949424596008
0.197130595546905	-4.51437301102757e-05	-3.57789729834579e-05
0.197788682624581	8.24619891928722e-05	0.000983921757038431
0.209179674477028	7.66824369441376e-05	0.000661911000189974
0.198463059943788	-5.06651753402235e-05	-0.000655947838026805
0.188066563841209	-1.49683527798415e-05	0.000107336918949485
0.115016411544143	1.61272853902439e-05	0.000280268621700941
0.135822422472371	-8.46651045853378e-06	-0.000149079054097001
0.0626796458692769	-1.27763207340823e-05	-0.000256415973046487
0.0834401576250353	-9.25163536142997e-07	-0.000161005378424228
0.0104143794673336	-1.86307900518139e-07	-1.7889486492173e-05
0.0520800219760525	-4.09925830924121e-06	-9.54105946213701e-05
0.0208287589372681	1.24108367533426e-07	1.19263243272272e-05
0.0312723874737644	-3.48118738891423e-06	-0.000184858027080459
0.0104111294639894	-1.30374832659332e-06	-0.00012522640544077
0.020869382879962	-1.92803047343518e-06	-0.00012522640544077
0.0520637717213016	-9.00189733084002e-06	-0.000202747513571744
0.0104501286259908	6.2315810821864e-08	5.96316216405768e-06
0.0208206341247353	-3.72606111259275e-07	-2.98158108194002e-05
0.0104306290768066	-4.35396728889295e-07	-4.17421351475156e-05
0.031326011424753	-1.30787622922091e-06	-3.57789729825697e-05
0.0208970073206129	5.60609747840416e-07	3.57789729834579e-05
0.0208255089134512	1.85953249690124e-06	0.000131189567604828
0.0415973932675985	8.58152961411717e-06	0.000304121270357172
0.0208173841969281	4.95997426150314e-07	4.17421351475156e-05
0.0104468786936938	4.36075022589223e-07	4.17421351475156e-05
0.0312983870141954	2.11660581402582e-06	0.000113300081112655
0.187185835715684	1.54954161390075e-05	-0.000107336918947709
0.0415096454627634	-7.91716032426854e-06	-0.000280268621702717
0.020767010377355	-8.05144317400956e-07	-4.77052973106851e-05
0.0312171389929631	1.24062825703118e-06	4.17421351475156e-05
0.0208157592346606	5.59253157818607e-07	1.19263243272272e-05
0.0311732648954799	-2.66233185246479e-06	-0.000155042216261059
0.0311277659418196	-3.34100346344125e-06	-0.00013118956760394
0.0310936419114758	-6.79233626570277e-07	1.78894864912849e-05
0.0207718851855585	1.79675156942903e-06	0.00012522640544077
0.0104127545073051	8.75994697786819e-16	0
0.0203250207674005	1.33054093042586e-06	8.34842702950311e-05
0.0584579918869354	2.03574149359169e-05	0.000232563324391144
0.00910953520046	-7.60502901235961e-07	-8.3484270294143e-05
0.0174829626702597	-2.20750685466212e-06	-0.000161005378424228
0.01655510955925	-1.96077267343455e-06	-0.000166968540588286
0.0441177077152132	-1.22850324231494e-05	-0.000488979297437631
0	-0	0
0.00659896939528576	-5.90260869880757e-07	-8.94474324582006e-05
0.0124277068847564	-1.66136414343762e-06	-0.000166968540588286
0.0316737531715321	-1.95688702521644e-06	-0.000107336918949485
0	-0	0
0.00868542022734663	-2.58962845651567e-07	-2.98158108194002e-05
0.00400228063813645	1.67063739154556e-07	4.17421351475156e-05
0.0165437349406057	-8.3341947337346e-07	-6.55947838019699e-05
0.00721320491450413	-5.89989554990389e-07	-0.000113300081114431
0.00367078845088398	-1.91773010080458e-07	-7.75211081300853e-05
0.00561749255027789	-3.04505423298777e-07	-0.000125226405441659
0.000419240113721719	-3.86433607175732e-08	-0.000155042216261059
-9.09978507951238e-05	2.88468637053455e-08	-0.000274305459537771
-0.000110497394793147	3.95348405872836e-09	-5.96316216388004e-05
-0.000441989543494698	1.64844747541256e-07	-0.0005247582704202
-0.000134872488349827	-2.38060687324872e-07	-0.00427558727149613
-0.000734385066986474	1.03677584590502e-05	-0.0274663249267952
-0.000102371160866039	5.40258427873618e-07	-0.00527739851502673
0	0	0
-0.000152740637436742	1.25347726346785e-06	-0.0111749658950959
0	0	0
-6.17475324167414e-05	3.53485988225602e-07	-0.00572463567731774
0	0	0
-9.7493890432368e-05	8.13890953022658e-07	-0.0117951347601393
-3.24986349738632e-05	1.97285357539047e-07	-0.00607049908282153
-5.1996606615004e-05	4.47947170592391e-07	-0.0122721877332497
-8.12474751182537e-06	4.01841955598156e-08	-0.0124808984089846
3.89950301454015e-05	-5.23067677579594e-07	-0.0189628556811137
0	0	0
1.78742140580561e-05	-1.14156053776016e-07	-0.00638654667750682
0	0	0
4.54963461746282e-05	-4.62007442281794e-07	-0.0129401690751894
0	0	0
6.49970844822262e-06	-4.24027451963954e-08	-0.00652369940727615
0	0	0
4.06216199077523e-05	-4.24166026896658e-07	-0.0130533619767164
4.3871633278523e-05	-4.28527100111774e-07	-0.0131964778686493
1.62492583515124e-05	-1.07944804911407e-07	-0.00664296265055375
3.2498069922518e-05	-2.60615912521446e-07	-0.01342904119304
1.62492453648975e-05	-1.09882742339655e-07	-0.00676222589383091
2.92472079644746e-05	-3.39380069628174e-07	-0.0134767464903511
1.78741677350591e-05	-1.21190776898097e-07	-0.00678011538032264
2.29508685091208e-10	2.23243297502229e-08	-0.0137152729769063
0	0	0
-6.49969393087483e-06	4.45732368543514e-08	-0.00685763648845317
0	0	0
-2.43721028541639e-05	3.36471440933301e-07	-0.0138047204093641
-5.03707509137029e-05	5.27651305666877e-07	-0.0138047204093641
-1.94990769832377e-05	1.34417367031028e-07	-0.00689341546143618
-8.12430530298123e-05	8.58698672290349e-07	-0.0139180204904776
-3.89981539465387e-05	2.68834737567347e-07	-0.00689341546143618
-9.26171001887967e-05	9.78375985909656e-07	-0.0138285730580194
-4.71227440434676e-05	3.28494979971638e-07	-0.00697093656956671
-8.93673946897685e-05	9.41807178536304e-07	-0.0138166467336918
-9.42423057761162e-05	9.61090530664501e-07	-0.0139299468148053
0	0	0
-5.3622450646276e-05	3.71246558203213e-07	-0.00692323127225558
-0.000102366186245736	1.08854726925401e-06	-0.0138285730580199
-5.19975128178737e-05	3.62167151459507e-07	-0.00696497340740265
-0.000121864512098615	1.29555739674379e-06	-0.0138643520310029
-5.52472545026754e-05	3.99298339230413e-07	-0.0072273525426132
-7.63689058209477e-05	7.65630828120653e-07	-0.0135542675984817
-4.5497838778656e-05	3.14725771153978e-07	-0.00691726811009152
-0.000103990677087735	1.13999817660745e-06	-0.0139180204904776
-9.74916730518913e-05	1.02961481528467e-06	-0.0139299468148057
-4.87476763598396e-05	3.38368940101633e-07	-0.00694112075874731
-9.09931677042327e-05	8.71385375625609e-07	-0.0139180204904776
-4.06230653098265e-05	2.81731876342817e-07	-0.00693515759658325
-0.000115365000258954	1.23228353171321e-06	-0.0139239836526412
-4.22479931582678e-05	2.92245356425339e-07	-0.00691726811009152
-0.000105616854192768	1.03298963153229e-06	-0.0137927940850364
-9.58668106151164e-05	1.01358818812079e-06	-0.0138524257066752
-4.7122759651416e-05	3.26246977430908e-07	-0.00692323127225558
-0.000105616367884798	1.07868456938528e-06	-0.0138404993823471
-5.5247375662457e-05	3.82167006569904e-07	-0.00691726811009152
-6.82441924024619e-05	7.19361357439239e-07	-0.013834536220183
-4.71227557608209e-05	3.26808976968838e-07	-0.00693515759658325
-6.33701169422896e-05	6.19026340276018e-07	-0.0138404993823471
-2.59987585665303e-05	1.80773506720335e-07	-0.00695304708307498
-7.31189442631514e-05	7.54835761713322e-07	-0.0138524257066748
-5.5245620985003e-05	5.51236800027627e-07	-0.0138464625445112
-3.89981378496265e-05	2.71160260406743e-07	-0.00695304708307498
-0.000100742144579436	9.92534768639696e-07	-0.0138822415174946
-4.549783503206e-05	3.15268388388773e-07	-0.00692919443441964
-0.000108865663907774	1.15399137453904e-06	-0.0139120573283136
-4.22479791633284e-05	2.94260813069208e-07	-0.00696497340740265
-6.82436261673688e-05	7.72110052608667e-07	-0.0139895784364441
-6.17448856902898e-05	6.36689403803063e-07	-0.0139895784364441
-3.57482751541125e-05	2.51121643837237e-07	-0.00702460502904145
-6.49938913858064e-05	7.38981025148139e-07	-0.0140015047607718
-3.73732014399351e-05	2.61867677389285e-07	-0.00700671554254972
-4.87458550466569e-05	5.12632092322014e-07	-0.0140253574094271
-3.41233463992554e-05	2.40724436133099e-07	-0.00705442083986085
-5.19955645786606e-05	5.47892733817304e-07	-0.0140611363824106
-3.24984265084653e-05	2.29067573883833e-07	-0.0070484576776968
-8.44925074063882e-05	9.17262066611445e-07	-0.0141088416797213
-6.17449364158631e-05	6.31117920432168e-07	-0.014132694328377
-3.57482661502438e-05	2.52400676844893e-07	-0.00706038400202447
-9.58669608477256e-05	9.9765862889823e-07	-0.01409095219323
-3.73731020665616e-05	2.75685134746676e-07	-0.00737643159670975
-9.09929911436925e-05	8.86025837830849e-07	-0.0137510519498893
-3.41233549877633e-05	2.39503538333041e-07	-0.0070186418668774
-9.09920844005181e-05	9.73259080445363e-07	-0.014096915355394
-8.28682383428653e-05	8.44446087029865e-07	-0.0140432468959188
-4.38728776215033e-05	3.08979609808068e-07	-0.00704249451553318
-7.63690259598684e-05	7.53363870963726e-07	-0.0140670995445746
-3.57482751557023e-05	2.51121641244384e-07	-0.00702460502904145
-5.19952189308192e-05	5.81020668258941e-07	-0.0140253574094271
-3.89981085273988e-05	2.75346193227612e-07	-0.00706038400202447
-7.79932450261096e-05	8.32061439808415e-07	-0.0140253574094271
-2.92485936584728e-05	2.04765502711853e-07	-0.00700075238038611
-5.68705601602432e-05	5.60868528716657e-07	-0.0140551732202465
-5.03709024986996e-05	5.12206328139095e-07	-0.0140074679229358
-2.59987390105249e-05	1.83564136271849e-07	-0.00706038400202447
-4.38712114916419e-05	4.66935411294055e-07	-0.0140193942472635
-2.59987477462549e-05	1.82323848798687e-07	-0.00701267870471378
-6.82442653536292e-05	7.10912010975622e-07	-0.0141088416797213
-2.59987411979186e-05	1.83254066405436e-07	-0.0070484576776968
-7.14937265954747e-05	7.69349541727498e-07	-0.0141446206527047
-4.71216139529969e-05	4.37035222145051e-07	-0.0141148048418853
-1.1374449757498e-05	8.01058192865228e-08	-0.00704249451553318
-4.71211194598953e-05	4.83408394621826e-07	-0.0141505838148688
-1.2999369509367e-05	9.17820634985809e-08	-0.00706038400202447
-1.29991281374813e-05	1.14493892716148e-07	-0.0141207680040494
-1.29993684088843e-05	9.19371036974253e-08	-0.00707231032635258
-3.24972169542144e-05	3.43595686911934e-07	-0.0140849890310659
-2.437381268574e-05	1.72818095860296e-07	-0.00709019981284387
-4.2246384701482e-05	4.46296503069434e-07	-0.0140849890310664
-4.22465018920348e-05	4.34911487199099e-07	-0.0141088416797217
-1.78741353272091e-05	1.25880580316879e-07	-0.00704249451553318
-7.31187087536816e-05	7.75958362776818e-07	-0.0140432468959188
-3.41233492608874e-05	2.4031747371187e-07	-0.00704249451553318
-3.89975077768798e-05	3.32135469250483e-07	-0.0140730627067382
-2.43738229467272e-05	1.71364647279625e-07	-0.00703056819120551
-4.71208997239958e-05	5.03833519378781e-07	-0.0141148048418849
-2.2748182905946e-05	2.28211524155814e-07	-0.0140253574094276
-2.27488966357631e-05	1.60618618415218e-07	-0.00706038400202402
-2.92480831684578e-05	2.52708358744203e-07	-0.0143354418419488
-9.74955269408036e-06	6.51157070517647e-08	-0.00667874162353677
-3.08720616971623e-05	3.5426309857011e-07	-0.0140670995445751
-1.6249217339831e-05	1.13952404697574e-07	-0.00701267870471334
-2.7622721206191e-05	2.83897919294154e-07	-0.0139836152742807
-1.94990575418867e-05	1.37207989530576e-07	-0.0070365313533689
-1.29987712120717e-05	1.4841631390749e-07	-0.0140492100580829
-2.76223442903437e-05	3.19477196473e-07	-0.0140551732202467
-9.74952877001275e-06	6.86039983836457e-08	-0.00703653135336912
-2.27479388175489e-05	2.51155890834588e-07	-0.014061136382411
-2.9248578929545e-05	2.06858471557516e-07	-0.00707231032635214
-7.79932746996323e-05	8.28350280173796e-07	-0.0141565469770328
-3.73731857611074e-05	2.64096297280911e-07	-0.00706634716418852
-7.636868102102e-05	7.85609957721588e-07	-0.0142221417608348
-3.08727737697185e-05	2.86612032367951e-07	-0.0141386574905411
-1.2999366215922e-05	9.2247165991807e-08	-0.00709616297500792
-4.54958207261963e-05	5.0727264290794e-07	-0.014180399625688
0	0	0
-4.22479473399167e-05	2.98795575908487e-07	-0.00707231032635236
-6.33695943779082e-05	6.6706591937568e-07	-0.0141744364635239
-4.3872862832042e-05	3.11072576138175e-07	-0.00709019981284409
-8.44926999821426e-05	8.9838711579797e-07	-0.0141803996256884
0	0	0
-3.57482479911875e-05	2.54958757966311e-07	-0.00713194194799094
0	0	0
-4.71212325162606e-05	4.72478784786445e-07	-0.0141863627878522
-5.03705464569595e-05	5.44684855133557e-07	-0.0142698470581462
0	0	0
-2.59987280231341e-05	1.85114477722483e-07	-0.00712001562366327
-8.44922699825078e-05	9.3835559173183e-07	-0.0142519575716546
-4.87476150429785e-05	3.47089646645855e-07	-0.00712001562366327
-3.73719445174768e-05	3.80872251697996e-07	-0.0142221417608355
-3.73731699437844e-05	2.66324930530126e-07	-0.0071259787858271
0	0	0
-5.36206511515465e-05	5.43542734963977e-07	-0.0142221417608352
-6.17446562163671e-05	6.57802379923322e-07	-0.0141803996256882
-2.76236473497783e-05	1.96848862428132e-07	-0.00712597878582732
-4.71208937148754e-05	5.04395484000718e-07	-0.0141267311662132
-2.11239745608186e-05	1.49271822683356e-07	-0.00706634716418852
-3.41227296400106e-05	2.99151209965417e-07	-0.014150583814869
-8.12460696633974e-06	5.72184519739525e-08	-0.00704249451553296
-5.19963292905542e-05	4.86880295931515e-07	-0.0114492713546346
-0.000154370004080151	6.47138744167946e-07	-0.00419210300120199
-0.000126747005179799	3.89537133197157e-07	-0.00937409092160713
0.000151118184180732	-9.56551089793705e-07	-0.00773422132654211
9.91217107094065e-05	-4.0590868567474e-07	-0.0063626940288517
0.000178739709754312	4.27048959058417e-07	0.00902822751610288
0.000138118811931565	8.60776729830814e-07	0.00774614765087001
0	0	0
2.43742994424434e-05	7.83427881471387e-08	0.00321414440632695
0.000300615456152315	1.16351231427809e-06	0.00466915597431217
-7.47478444255141e-05	-2.42479878490551e-07	0.00324396021714635
-0.000349362782163147	-1.59558198051943e-06	0.00625535710990177
-0.000311992355692951	-3.36113768192925e-07	-0.000918326973235795
0.044250642683076	-0.000162790263499934	-0.00484208767706362
0.0628630690596986	-0.000137317717277564	-0.00413843454172769
0.172015647836789	-0.000585766336487419	-0.00524161954204372
0.210146308737988	-0.000278821481578701	-0.00246874913584305
0.16454013781077	-0.000211744421923964	-0.00306506535222995
