-0.00218049147916104	7.29346848475454e-05	-0.00507784201473205
-0.0982890689503866	-0.561359884942289	-0.0308508640750274
0.677214329782431	-0.348314560024454	0.0157621641690989
0.0630664919560502	-0.808028253613465	0.00571497205874238
0.105593608864603	0.495140226922667	-0.0268787507008173
0.357950513030966	0.497090793814837	0.0164262892999891
-0.267800740605257	0.0866717410942341	-0.0230877945347076
-0.523599374707066	-0.323662527882041	0.00136255329112067
0.155666394240788	0.664740158727666	-0.00249514299546876
0.731593505621679	0.105217178492587	-0.0253383604927819
-0.188627077017891	0.915159062639708	-0.0347386579271213
-0.776950322713624	0.785739460036294	0.0112112668151925
-0.11448896621802	-0.286919979253918	0.0108094113605883
-0.401907346976282	0.0936766862867246	0.0403213829376795
-0.200956646027121	-0.308524153949912	0.42016115090148
0.664652857382013	0.238222130448521	0.899374280146953
-0.189311623609921	0.581818396219174	1.33598206753071
-0.210491389567602	0.478801187250943	1.81683006986259
-0.275615775177899	-0.746072881383197	1.98160302952097
-0.766149574243752	0.75970487982078	1.96355653757921
-0.596761989673133	-0.702127998023583	2.14230138841685
-1.02794374671576	0.205877951736811	2.19314036250329
-0.441060502076876	0.958125517906204	2.31082108029239
-0.888009218545339	1.16863530465948	2.26906308032732
-0.910891399451108	0.450079711333948	2.28257799784684
-0.755158819602311	1.30777061475323	2.32807634228269
-1.48456557408577	1.7181608500284	2.34112167892567
-0.88348615214861	0.561636728470988	2.35711962641229
-0.619608749748465	0.478594808245981	2.40732299884761
-1.72271574848465	0.793003506283099	2.55618301313465
-0.825152322975419	1.13364926132106	2.71507876354208
-2.44180269506163	1.05698203892678	2.87557535146166
-2.00126947838598	2.35822892330404	2.88031298231198
-2.93198207734308	0.608213214164603	2.87483901317803
-2.49785191956927	1.69091518256871	2.86229853954896
-2.93655956449513	0.831381060998277	2.88665328448185
-2.56080138771697	2.18239477209875	2.86731179232211
-2.65419260459623	0.840705108643504	2.87847623963087
-2.40300874664307	1.50998444838826	2.89768679708145
-2.58937663202789	2.50424215781111	2.8949920971025
-2.66186281975125	1.21639750205845	2.89834305311271
-1.74138955700614	0.599738603814937	2.90075532524957
-1.13704499276503	0.932904328570251	2.89334124911911
-1.06040129014456	1.3012613887515	2.84449660948994
-2.49679193207778	1.17291947926379	2.84460058161623
-1.97381749931135	0.964788189860174	2.84966522322612
-2.1871380116519	2.37782348753069	2.86006073531925
-1.89160016215384	1.87196070934235	2.84578501448545
-2.40941506338096	2.42981071699555	2.86986218337535
-2.80244581187543	1.38152947847647	2.86488099238155
-2.06650610680004	2.38625642310953	2.87689833024545
-2.59145421982914	0.517251730613554	2.89998723920198
-2.90146298883618	1.72643425226181	2.86421341675022
-1.21292300486396	2.12614121959278	2.87398806087018
-2.52601903168381	1.02169528358132	2.91050272933814
-1.72395194937249	2.46301982303072	2.82919079146668
-2.32559553228028	2.16239451159524	2.82029553649069
-3.90336278445595	2.30597609768102	2.8450007044369
-2.67464762982718	1.84018376452347	2.78233737158789
-2.72713481094978	2.31701749342939	2.8001020926382
-2.94583853217232	1.42111692841158	2.87111042355335
-3.23291936054534	1.24045517341413	2.84620740042434
-4.00367150640638	1.44948916675286	2.8434993259814
-2.98686908513392	2.02251443300219	2.8311955870105
-4.14448279408241	2.54064969433018	2.74818661429353
-3.936323126635	1.49546573279634	2.69590262586328
-3.01059485282814	1.76976356528338	2.71452665555776
-3.1944513469418	2.72998280308556	2.88332871598969
-4.22191895603499	2.26103093127765	2.9852359292922
-4.57369951986613	3.04203548467018	3.01294014836902
-4.17718961573688	1.49342759765544	2.9961698209884
-3.77072059506845	2.76565628423156	3.00429451591965
-3.99440029165756	2.48408647830158	3.03026959927224
-4.84658461477475	1.64743382598166	3.0224541508421
-5.40714441499472	2.10401670045541	3.04849309214576
-4.36545113238956	1.95054727638992	3.02384045420554
-5.18662103503705	2.35126215706258	3.02526567909454
-4.26261373342565	2.75342478991618	3.02464256027345
-6.00489500856041	1.36251185092978	3.00928615069067
-5.00609344779078	2.79524141693841	3.00064102022574
-4.69172764472225	2.82294248669151	3.0018623184445
-5.99514991591419	1.80968035293554	3.06282749843504
-5.95309067927261	1.91547530515012	3.00813457254537
-6.52013714562166	2.19266615184493	2.80085470171668
-6.51796974156729	2.50552437823363	2.61432319961649
-6.60512739435111	2.69242311236999	2.61801568877251
-6.56231147129077	2.82997522556459	2.62981476919152
-7.81184645109487	2.19190197880315	2.64968751518018
-7.05781351439547	2.35992881804995	2.68143819735619
-7.87095190751371	3.49186094672436	2.78519573725109
-8.19879613839605	2.78618809584534	2.81298761640725
-8.46094275333451	3.38813596336315	2.91335374961144
-8.90448898549	2.27030124069743	2.93069813773415
-7.56642057222875	2.98408594998052	2.91648411116304
-7.87503862161523	2.93484236355231	2.96506032001784
-8.37646634840341	3.69975375564926	2.95991465360943
-8.82513800439236	1.95956358089174	2.98760855812625
-10.1970325309155	2.79933739867862	3.01153295289839
-10.0966623845579	2.84710390613042	3.02269696000303
-10.7071303475915	1.98721999724354	3.02846877356165
-11.3492791677436	3.62127096562641	2.98373970236096
-10.9875970441705	3.60197441799937	2.90188364682871
-10.4791801028926	2.76845421888168	2.69349780875319
-10.8611393829237	3.57190569147734	2.38707645683908
-11.2079570379655	2.48856248248057	2.07069144269167
-11.5272785176569	3.66479379212177	1.788379614687
-11.8940160682216	3.20432557368036	1.71219172807869
-11.5239577970921	3.83358613916503	1.70265548120379
-11.0417157822974	4.89558240136453	1.60203455972752
-11.0510755753959	3.86806746602571	1.52660026568806
-11.4331355724826	4.35144689650292	1.53420032395849
-11.1048472273683	4.97650968744283	1.60060404490898
-11.3121568255379	4.9516452749885	1.42294430630371
-12.3267585900157	6.13824036392163	1.41509828059753
-11.5261348985006	6.78035951528144	1.38267935453333
-11.8029822878009	5.38777832239424	1.42075309689991
-12.280437517013	5.80909293728692	1.45792994256443
-12.1460713132879	7.00692422598239	1.47030843539438
-12.0317190950026	6.6203846567194	1.4846779857812
-11.0740964815447	8.08403390771177	1.5044039795248
-11.551681079065	8.34716747668585	1.50354018312018
-11.018485469303	7.95656980543427	1.42423227904573
-11.8632556045757	8.65517850852777	1.39071028099625
-12.3167110212251	8.00090541358887	1.37201514661567
-11.225712368961	8.72373917188757	1.39501529075595
-11.6831791499756	9.69323517478076	1.41204701881043
-10.3049521031676	9.10555531265384	1.39255308147879
-10.3457978467559	10.1178651211577	1.45712673037257
-11.3358105513561	9.95452493993277	1.40250856020435
-12.0355814076929	9.74663426372054	1.4668714656348
-10.7118267625235	10.3215412102301	1.4890193072505
-10.3561630244117	11.0856588716951	1.46938045961408
-10.0688092815597	9.9744977962249	1.49481918221413
-11.8642035666214	10.6298127823236	1.41584060957884
-11.0311724058528	12.0861617179862	1.38679857484947
-10.7218639452364	11.1697638194187	1.42085721378534
-10.4502588727137	11.940233801724	1.24907654992273
-10.2757783994397	12.6671958492643	1.05742112435799
-10.2584075269196	13.0705775264645	0.847728070071444
-9.90694235702718	12.5641813933192	0.589984250165352
-10.3830932227659	11.6054858099463	0.388939046547366
-9.71374388191672	11.5398206013594	0.190194145902433
-10.3800271548826	12.7355358149038	0.0717153281614755
-10.2291628906966	12.6549695192919	0.107005440706959
-8.11737801503842	13.4676417747541	0.103828114151324
-9.24087515247891	13.0616095514323	0.10591201170011
-8.3546626286525	12.9235751922488	0.10292335757279
-7.35685975292933	12.6778834336633	0.116072599371378
-8.64634321347435	12.1870438153941	0.15409443989814
-8.36745862541779	13.5979642602621	-0.104928835297379
-7.80913650502016	12.7134097744772	-0.181399420140991
-6.36631188412418	11.6436573349026	-0.205626825249284
-7.18812664073345	12.9307740069446	-0.137228115858537
-7.15745753048434	12.5363537929878	-0.188832596387747
-7.14266726338755	11.5486185554823	-0.338481412998332
-6.41957108845439	13.0880307268274	-0.616182513044552
-6.27973615861491	11.7857240360581	-0.941737157252737
-6.64314292218815	11.355854654863	-1.25829494184569
-5.98215459517904	10.8687709494002	-1.54405065795179
-6.68255746404246	11.0010638674317	-1.6988285828614
-5.67119457459899	10.5727934841999	-1.68660531561071
-6.92431317352049	11.1574277510479	-1.82738670692253
-5.88049098173771	9.7323859396864	-1.96465921322658
-5.57489744938032	9.91859140780499	-2.14824312815486
-6.82827524245342	9.70726956780216	-2.08972594992243
-6.51970028492148	10.6647400031368	-1.97397864179326
-6.3819187252743	9.5492795800103	-1.97667025408863
-7.49897676028243	9.92651809182836	-1.97013958063914
-6.72612637584511	9.37427085720249	-1.92072001425562
-6.52841213859731	9.48625609672367	-1.9190007626991
-7.46215453359511	7.89789316357157	-1.9122169831146
-6.29419037055039	9.37067764323443	-1.74261665137365
-6.07096674635096	8.84922486023421	-1.73417097336606
-6.36072282420743	6.99138938222452	-1.74179339629279
-7.07834202846264	7.55817642378652	-1.72904974122127
-7.56328322256188	7.01305020972565	-1.67626932259454
-6.64436849581469	7.35733190301583	-1.59063860179262
-7.66221957646177	6.29055539480632	-1.54431990971242
-6.20174551480761	6.72461844103529	-1.48403600180915
-6.84674569137477	6.50755030584991	-1.4698031061071
-6.8445089398668	6.23847004738161	-1.39158439815319
-7.6357449449336	5.70441486135202	-1.19912167216737
-7.77690129002087	4.81896767353555	-1.19934415582053
-7.4119294809895	5.69052532288597	-1.16243053529745
-6.16686790418459	5.38759618285228	-1.17209124067099
-5.98781056728257	4.61588887195568	-1.16609638571066
-6.30767741831701	5.08674913541065	-1.16546170024435
-6.14515056514514	4.82565073850282	-1.15315942080125
-7.02284907555204	4.78528162285221	-1.12430776968891
-6.22595861424554	5.04888241909175	-1.22786528987453
-5.68254699595766	4.58423343396845	-1.37353306893791
-6.47231840774944	4.66441918560975	-1.5724787951411
-5.34120590619969	2.76507532644354	-1.83756676660607
-7.24095076962207	2.85930665991611	-2.10685486249809
-6.94117763773332	3.13227770813085	-2.34491461097126
-6.76836358263607	3.96944553454683	-2.60210542427158
-7.9226139828533	3.52247908764379	-2.85798580271762
-6.85149286762227	2.79916207094438	-3.05096194750007
-7.45406017803258	2.56847275883043	2.98513856229044
-7.7682441508372	2.07377981049971	2.83463601653515
-7.42253052317212	3.51317365195576	2.89730370593141
-7.62301071166095	3.0786413199529	-3.09485964633258
-8.0190546202836	2.42401476561451	-2.851294943856
-9.21387054676699	2.79878617635729	-2.80517422761631
-9.19674554567818	2.19573036597021	-2.81172458829429
-8.84683884234053	3.2728330586677	-2.8013256544474
-10.384200763146	2.43272708923753	-2.98508322768693
-10.6428040763971	3.56747846381978	3.05556920004254
-10.5876947265776	1.73821662842873	3.03134128402579
-10.3451636971031	3.38081402800638	3.09119754409648
-9.71413762864401	2.98086046241317	3.09464444600043
-10.4916980255459	2.85694193568826	2.77878787154225
-11.5072002669248	3.21494163324073	2.40121656419881
-11.7148852223581	3.56626245120249	2.1633516146374
-10.7420487582075	2.52410707068533	2.13878081644814
-10.7469722291659	4.3223676857352	1.97071970773984
-11.3751057974104	2.84360908082046	1.85930196589369
-12.214939804392	3.65923565188643	1.88341168386982
-12.6247269297011	3.68638762481553	1.86586833283003
-11.1755663807569	5.43921718835971	1.66409747164974
-11.6666013981361	3.98371915458129	1.3742016825802
-10.8535735898631	5.25624131190023	1.09421047355429
-12.4980568807429	5.5986729420749	1.05802552440666
-11.3146447611549	5.8562790547306	1.05759672455866
-11.775291395808	6.51279315873648	1.07919372890456
-10.5718734780882	5.13498950810228	1.21437533707526
-11.7761316301201	6.91181856964698	1.40932060753578
-11.2538500169109	6.61332621795119	1.59529124428059
-11.3713882236098	7.20897553441488	1.70393111758675
-10.5349264873237	6.50961658535207	1.66376829436201
-10.8697397205005	7.43577393981284	1.69791526662876
-11.8466038066097	8.0175557424019	1.69110964102089
-11.6310219612187	8.78931186133903	1.49084976751549
-11.9757102254127	8.03013914289305	1.44453707125036
-10.8761801378453	7.57629602687213	1.49356943316723
-11.0511200126011	7.78507367677626	1.45781683699179
-11.8067794277345	9.1918812064791	1.35423933025014
-11.8029634238048	9.78816914361593	1.39937804281793
-11.1030029937088	9.8408841633961	1.39746139766833
-10.1965597643031	9.4129133992508	1.44315770041974
-10.8691033750862	10.8789424314093	1.44176865174681
-11.8718282140066	10.2889982005901	1.41316499508296
-11.7796182414555	11.418011591974	1.33265811148069
-10.2179433322819	9.9181078826944	1.34568855541784
-10.8676173265589	10.442576451192	1.37441502269786
-10.9503986061034	11.8396404900005	1.39095958137473
-10.0849402482567	12.3787894630021	1.4015851139739
-10.8883231263581	12.3765153008514	1.38508691878105
-10.5099334658223	11.6649468950209	1.42143374828219
-10.0995691652296	11.6385809474374	1.30756165425875
-9.66742226781336	13.2636911331046	0.911099067675105
-10.5727690085647	13.3254452442818	0.694447004579452
-9.72337903431115	12.4629964039021	0.6953361481172
-8.86063206502551	12.539801758998	0.582628076080602
-10.4246622265034	12.8467338154206	0.319246077112356
-9.14741385720232	13.9288875591234	0.156052590687572
-9.22999624669315	13.9564821179605	0.164550058750551
-9.17428218556861	13.4660013079565	-0.0766242210279717
-9.00551023186721	13.4198437671275	-0.316208615947039
-7.76890350175911	12.7482870429052	-0.458762054149467
-7.05967687146191	13.4541935868588	-0.500606993864641
-8.43884943271054	13.52812113872	-0.481498333200197
-7.00869668322923	12.7021701052582	-0.422197700739846
-7.93532407706905	12.6036479520585	-0.359145452284169
-6.08896307523008	12.5643862043145	-0.25872731861695
-6.21131507085585	12.1307293113767	-0.184329631572191
-6.7043365449686	12.8746031349856	-0.22973282228967
-5.84753494601695	13.2441341818494	-0.49268701806887
-6.09738200714493	13.1013396993858	-0.776567801669104
-5.31867980166787	12.5713637260531	-1.08819376524213
-6.12869925652188	11.3539482250039	-1.3524338448115
-6.66494375128069	11.9521375449993	-1.57916242615834
-5.63257602426733	10.5710098042001	-1.57310225665918
-4.99833895539517	10.2888518321443	-1.56643752895357
-6.43497896231951	10.1576939721925	-1.62966314651964
-5.99824003654131	9.80848067257219	-1.87655630703875
-5.44990650311548	10.4357547995725	-1.93453486064166
-6.96226147878542	9.16060381543904	-1.89880724868254
-5.2376739950623	10.4061802140037	-1.90583530823432
-5.68709277439147	9.95428814139766	-1.89736331990413
-6.17619784198112	10.1075493913863	-1.86011570045493
-7.0015937995257	8.98690183607858	-1.85318362878607
-6.44501113135705	9.05674869884782	-1.81465743456393
-6.47373071894543	9.26948829200305	-1.79656811433692
-5.58652775568754	8.30747879100263	-1.79718415477632
-5.92828074441983	7.53718812233143	-1.79399147275384
-5.78429036086514	8.66782954471172	-1.89721463345748
-6.45057250056936	6.54351830150764	-1.96142891858616
-7.10420184687526	6.87681731248921	-1.9609636332223
-6.12701946814112	7.91811301554883	-1.88550117720086
-7.11426992831578	6.44782580846551	-1.86544805930549
-7.64705688852811	6.07759266869674	-1.57387848744183
-7.31625843147314	5.43637003634328	-1.53793170117457
-6.67854000454138	6.76159277990732	-1.41765746001847
-6.89475871330424	4.96063663108455	-1.18959225267863
-6.44641096305508	5.10901113209783	-1.22470297149822
-5.99097240842662	5.97324151435098	-1.26129078252056
-5.94966863194923	5.09593482277154	-1.16877311977389
-6.71913715784236	5.24396400996627	-1.1949536962962
-5.76019341020961	4.94973021399415	-1.1910667391716
-7.34751177887631	4.93795768412489	-1.29429420708212
-7.43624747187572	3.34495893894927	-1.61484293582358
-6.95141657684553	4.07908602687139	-1.69910456915735
-6.43388560462482	2.82419886435507	-1.70373896899681
-6.60866300594204	4.16445057362555	-2.03086772462071
-6.01414500406175	2.97575255961319	-2.35990517822184
-6.93802406784713	3.82440193614119	-2.60213228256552
-7.38836292112342	2.4974944547165	-2.66645541429032
-7.4178382200924	3.09324077574389	-2.94891561033855
-7.34042642528118	3.7839351475333	-3.11870179492799
-8.9970269301424	1.98903393933651	-3.10219552816588
-7.69431623077219	1.98818135121482	-3.09675918122158
-9.27785676474108	1.90852745434483	-3.03911019741899
-8.8707159309417	3.20910592539912	-3.03880359281914
-9.57792154684589	3.01628354205408	-3.01148376041148
-9.6177421036023	2.01358123951376	-2.99546187244398
-9.29434404541553	3.34097424320582	-2.9911750892643
-10.541504532813	2.94467713723767	-2.98078736676738
-10.5861526994322	1.82949494045033	3.14302314103127
-11.0108526384452	1.8512792751048	3.01338347616877
-11.281394158788	2.02004107028502	3.03495699549705
-11.2809313683262	3.3654516633743	2.93874531549941
-10.4239490685267	2.04958981282281	2.71052684995698
-11.4164478876332	2.43323979460788	2.47253382482066
-11.6096049964405	2.49516354626099	2.32634461081865
-12.1741149055989	2.34288882606203	2.28347019486478
-10.7107127972411	3.98008951291219	2.30922267872404
-11.9573026746806	3.80964327363174	2.23201174253446
-11.1906955571648	4.02240472089118	2.21522121214233
-11.7504402721488	3.99673637587639	2.17198689142703
-12.3111522171161	3.88292750131759	1.96616281573081
-11.3751708193535	3.70919120809815	1.76620939319212
-11.5826766946447	4.58380103920837	1.5726839750871
-12.204351719204	3.69686065225577	1.42853699095039
-11.4663461264984	4.01886704994297	1.39975244307299
-11.2591030549127	4.02660067517182	1.39898408393984
-12.1614390005062	6.1803273064485	1.43048432246071
-12.3220301742935	6.4578847022118	1.47520213246285
-11.7656534449067	5.02993663657601	1.42865369630994
-11.1124540853318	5.979950779101	1.43548442256992
-11.4592445475921	6.61892964490677	1.27881433888944
-12.0309591307065	6.13911683714129	1.27434354247954
-11.2369609657786	7.3230424606702	1.28454481338538
-10.7282199514854	7.18769042559551	1.31134411244206
-11.4855698286008	7.18604288894953	1.33419952579626
-11.4312945074953	7.12330094473139	1.35427956779368
-11.8291721159352	8.37968015117531	1.37863345531077
-12.2399946912888	9.0278147011506	1.40780226878435
-11.9573109198924	9.05902419718157	1.40526035883564
-12.0738350864726	8.78448265611129	1.34392465690147
-11.2562008189395	10.2129503052309	1.38783350187572
-12.0920610884935	9.21362845346208	1.36966024028345
-10.1898990736731	10.1245839634254	1.25304779908601
-10.5995688390532	11.3095145587479	1.15510423730764
-11.7439739744752	10.2803770880902	1.18371831938156
-11.5567575663079	10.5945556560417	1.25138677251939
-11.079930986045	12.3012206620203	1.27508014161063
-10.4752694036796	10.917515624214	1.29830750332395
-11.0439339153597	11.6356345245397	1.30495722956546
-11.183951028467	12.4663076643015	1.0526180260679
-9.59267637800692	11.9005592866578	0.779901214972015
-10.1186351482637	12.9144076191601	0.504956731604628
-8.9498488050067	13.3528943906522	0.312887060913129
-9.28074930428917	12.86645632568	0.322157063686068
-8.91805329194934	13.2129890262925	0.118005627867195
-9.32035825659108	13.5126318374498	0.133104961215947
-8.94890093675779	12.343179163388	0.147133700532445
-8.49628431513117	13.0204915406317	0.152788011005163
-7.12202332641483	12.0362770061589	0.0385383660686056
-7.51688962516289	12.7841768764296	-0.310100905724716
-6.08143463233512	13.2937514508874	-0.632575398480118
-5.83743372685456	13.2298147249847	-0.875449477184688
-5.39470379664374	12.09615234053	-0.842005125473624
-6.11335743285833	11.3651871478168	-0.884034678751879
-6.50466762767288	11.8523273000107	-1.16333996936018
-6.42164434832251	12.1306630098582	-1.42552748452883
-5.79305136430693	11.0545422600695	-1.67382271643025
-5.40381561867417	11.6950030175398	-1.86658437624599
-6.33545450184625	9.78952584907635	-1.82910432930913
-6.21331708862792	9.26053816980851	-1.8069105444089
-5.95778345477729	9.27498911365298	-1.80878099012486
-5.50674083416471	9.11752155362936	-1.7968051381638
-7.13769216922058	8.79556297140232	-1.80574212475631
-6.14070663447396	8.22307211263642	-1.78652689920337
-6.51496541223034	8.63539434991801	-1.76930673998776
-6.86894234341906	7.07302340921261	-1.74380340851628
-6.02555282481483	7.38164308515868	-1.81902816796435
-7.10562011519093	6.92542094274576	-2.07050488829407
-7.68669074785687	6.73251253244525	-2.31340278710889
-6.97570580504208	6.15934547668396	-2.53240320794914
-7.22774361687579	7.01754695020731	-2.80733911343231
-8.07602296445996	6.3294174312852	-2.95330648706601
-7.46471430687257	6.01107223254716	-2.96236822391242
-7.43572312581608	5.64186396094473	-2.98820786881096
-7.85984898054746	6.1549260889526	-2.99976291752516
-9.93898141593377	6.66755849929554	-2.9895212326288
-10.1003832572842	7.29252656528424	-2.92118867376472
-10.8892037375035	5.61853582821634	-2.90223614184406
-10.0784656374083	7.32509373962797	-2.89726064087442
-11.3450359752313	5.73940671945047	-2.68918250432021
-10.9956854258364	7.04392661821808	-2.37419427018555
-10.305268368228	6.78612704014377	-2.24455720781742
-11.2506883762173	6.77688017880377	-2.19876589291037
-11.795690427448	4.96732959373665	-1.90337032182214
-12.2048499733143	5.44035233651702	-1.69128233316533
-11.8231431078731	4.89559585936725	-1.72031078928074
-10.8975898442707	4.07683315545581	-1.72712972128266
-12.6682455079686	4.5235180160207	-1.72953493696455
-12.0542970816226	4.27916828234459	-1.61887085161467
-11.2723165025532	3.23699429514253	-1.29198869201196
-12.7923203572449	3.61555009312698	-0.886942297222308
-11.3103130068263	4.37898275963661	-0.467672168434275
-10.4517255890548	3.24116067972991	-0.284464454283562
-11.4989971204047	3.51863682474274	-0.304982301514237
-11.4519327331302	2.81422462278136	-0.239846776370905
-10.0091844816111	1.95263090608336	-0.0955903568360959
-9.24504622068909	2.38881272576452	-0.102024975866598
-9.47986251203255	3.33144151766958	-0.0365151001906191
-8.5352969674328	2.34266743074114	-0.0200026133804684
-9.58707327979403	1.73278658977963	0.0116899324368534
-8.09702084562119	2.54401734074884	0.056101474737474
-8.54325216021327	2.23469893511551	0.112557755741554
-8.0283885379471	2.96356985137304	0.165841687136597
-8.18274025716996	2.52089089000269	0.13251671761573
-6.52245132551606	3.02947429844085	-0.139871913560238
-6.65554402101802	2.95510120991889	-0.209438398376566
-6.17923783440775	1.58693964389976	-0.213900076372753
-5.79190812876523	1.36394375724123	-0.167358790741584
-7.01182154091185	2.68356292335861	-0.10878540718712
-5.00069794584122	2.284529392921	-0.0971977192007441
-5.84448501624315	1.03354881928184	-0.128515665464146
-5.32975916561975	2.79326690435542	-0.105008859995667
-5.35523524208945	2.03210707947197	-0.124478900456427
-5.17778625110264	2.09040082284499	-0.0867507661176363
-6.527041728539	2.21424134313303	-0.140927194569976
-5.92542797101449	2.52222937223844	-0.130948019133645
-5.60407902430225	2.71159581742335	-0.126895356875526
-4.9735255530512	1.76576268840124	-0.190750100959863
-5.07465324134907	1.15244278133856	-0.183861243600586
-4.80885838575301	2.40923168592613	-0.340740354203017
-5.29799372477541	1.55295225873894	-0.358520624283291
-5.1852481074325	2.52055696478968	-0.466198724939113
-4.56959630994526	1.54648008106232	-0.56289332934558
-6.14390243304879	2.41654982424833	-0.616109785538009
-4.32646034547786	1.03349009162163	-0.601605307953132
-5.1621275400571	0.861007684352083	-0.54348893904972
-5.7822685138637	2.28941939534278	-0.521815609948009
-4.23608356361523	0.555458682216305	-0.380469214492253
-5.31320316927212	1.80785655279354	-0.188282446967667
-5.23770243680169	1.88251094218911	-0.199417906704604
-4.16985072550922	1.26366831965101	-0.164980142325353
-4.72842443835787	1.12493956801448	-0.131999636632717
-4.43038986007412	2.29894945597995	-0.142273249327227
-4.137835817594	1.10271333736065	-0.414448055582591
-4.02208304450742	1.1406263199831	-0.472697469516362
-3.92561019109643	0.509581948164938	-0.469326191021554
-3.32379517341229	0.774094615674878	-0.443010838613894
-4.04102979157996	0.67256497431411	-0.452509344593695
-3.84982022080948	1.76651443388084	-0.445680230515409
-3.86594474516751	0.403025588671687	-0.400452494614175
-3.26494189993176	0.47471422442468	-0.394175353443519
-2.30469977043034	0.641551204822475	-0.394107349471963
-3.31737423811748	1.21302408225078	-0.414225938485239
-2.25139388970934	0.0548335455952838	-0.576367354308905
-2.24369050958959	1.44672616615995	-0.563262297593756
-1.83743897268711	-0.219859506117078	-0.549148374457144
-1.68307763978829	0.447373539088792	-0.515887121116922
-2.56392222719093	-0.52519122844819	-0.502946363172382
-2.34258007042134	0.81582056743013	-0.509184725440002
-1.74925417253459	0.612642230955537	-0.530928136113087
-1.99364468943911	-0.460988110348841	-0.634033872231322
-0.845144129375472	0.366399574098875	-0.657091274792233
-0.765040198794614	0.00487652439738472	-0.884993259518592
-1.17471805202116	0.465546944503863	-0.976227433966748
-1.75825428979353	-0.258047699783637	-1.2124588291623
-1.00794600749118	0.289964771301538	-1.07014574291192
-1.86214698599765	-0.792352449758693	-1.01927269485154
-1.27545380454419	-1.12062940402481	-0.973929004747875
-1.24392270507791	-1.03306965576002	-0.686016897242381
-0.902347111857538	-1.53267115714769	-0.362471938102911
-0.157970022493872	-0.137770540529865	-0.311333420330769
-0.73643645080135	-1.025589935666	-0.334078195642561
-0.284423588790689	-1.45164436971109	-0.353903871388297
-1.7757301204073	-1.0972368879636	-0.361655388453264
-1.18817667971934	-0.554614002360989	-0.361567883474534
-2.14242276068591	-1.15501429988747	-0.330704492517274
-0.731543935556841	-1.59599388823558	-0.373747395086056
-1.04133534367843	-0.247171811976884	-0.335621794132356
-0.530954544015315	-0.791272632656246	-0.339520794122381
-0.268737701538288	-1.21251753416444	-0.331936403653318
-0.386323043293185	-1.51628601407735	-0.318102142550701
-1.42626212546968	-1.52168687639338	-0.353702670691805
-2.24460908867624	-0.915210246531271	-0.361125145312618
-1.16353540757319	-1.09282974559351	-0.324089309290594
-1.82983082101903	-0.477067207883812	-0.328371722440803
