0.600266	-0.0320327	-0.354665
0.00313000381495597	-0.00178971397669043	-0.565388
-0.0197126126304387	0.00603431050595405	-0.503933
-0.0178345630627168	0.00468277272158034	-0.503933
-0.0170048153813767	0.00488223861003293	-0.559243
-0.0184997592503435	0.00421413190103633	-0.540807
-0.00499010832340985	0.00202455400536408	-0.516223307179586
-0.00359495233809046	0.000276256559845985	-0.528515
-0.00172462887467271	0.00101274638713014	-0.543265
0.0170478799333282	-0.00379075055613319	-0.534661
0.0180506613229902	-0.00657066403057601	-0.53466
0.0173557108639318	-0.00357481473752164	-0.546952
1.00768282253312	-0.22519620150368	-0.276549
1.01329995166053	-0.0524138146366101	-0.116765
1.05241606127156	-0.0324566476651059	-0.0676
1.05221221476194	0.054831150870453	0.098328
1.05350599171763	0.0568693715022242	-0.018437
1.05504247940372	-0.0284669396606739	-0.086037
1.05481875853787	-0.0236513559153277	-0.043019
0.971571469269265	-0.0503773768864899	-0.448623
0.42063500065544	-0.203949239333217	-0.46706
1.05305177292121	-0.0339094020664067	-0.061455
1.05244278453966	-0.0351736445424595	-0.061455
1.05418269287559	-0.0424599816481927	-0.073747
0.193472521698563	-0.00289540111197552	-0.491642
1.01667565947036	-0.0716282307509547	-0.129056
1.02824432901096	-0.039224990207894	-0.0798920000000001
1.04756897388339	-0.087414214844579	-0.153638
1.05191028269686	-0.0720469094174279	-0.141347
1.04951408408538	-0.0452237471515129	-0.0860369999999997
0.999259448295833	-0.0457116505007906	-0.0983290000000001
1.01913026718444	-0.0719061785145778	-0.141347
1.04960021842047	-0.0621963141328186	-0.129056
1.05501289672059	-0.00466923486467174	-0.0676003071795863
1.00465586854695	-0.0362873503465014	-0.0676009999999998
1.05937682406835	-0.0179650946801158	-0.0737460000000003
1.04923330750814	-0.0241964132781703	-0.0798919999999996
1.02441753512994	-0.0333629692819197	-0.0553100000000004
1.05223686958236	-0.0348758411011735	-0.043018
1.01757300615267	-0.0529450389500974	-0.122911
1.05530095735626	-0.0284409810479108	-0.0491640000000002
0.323864761852668	-0.00846262548587867	-0.46706
-0.00137702298652638	-0.000322192015071354	-0.52237
-0.0059303372717371	0.00219797630638904	-0.530973
0.00494701258858393	-0.00072599342172591	-0.331859
0.00430104396678087	-0.00122516153866217	-0.553097
0.000982370081859141	-0.000186946575974884	0.141347
0.0164823893089412	0.00493465740132856	0.52237
0.590437070403735	0.26831478508285	0.424041
1.05167163682927	-0.100597059046706	-0.159784
1.04362687681296	-0.0741143845257372	-0.141347
1.05059348986625	-0.0630342688595634	-0.147492
1.05019778648216	-0.0354204639718152	-0.067601
1.04636648936215	-0.0628185477381785	-0.141347
0.619963056789864	-0.00654279877180225	0.338004
1.0030872767649	-0.0460533950145856	-0.067601
1.04808710980747	-0.0389282706450882	-0.17822
1.04426637504206	-0.0818152672581057	-0.147493
1.04681533659024	0.0867332178549375	0.0921829999999999
1.02000840411573	-0.039646633315967	-0.104474
1.04957856708186	-0.0717832259123575	-0.061455
1.05268650212788	-0.0505977098075434	0.0245819999999999
1.04904693122907	-0.0821738162608385	-0.159784
1.05110422553675	0.011353724445565	-0.00614500000000001
1.05076716232986	0.00832889964205036	-0.024582
1.04758480788287	-0.0524887634929365	-0.086038
0.492578781797726	0.0033382214828131	-0.448623
0.0129918510708615	-0.00334840346322641	-0.503933
0.0180426831252981	-0.00551920154008676	-0.503933
1.04358695876321	-0.0674630232005845	-0.0553100000000002
1.05137852112331	-0.00825865125571457	0.00614500000000007
1.05655401799869	-0.00797540286257326	0.018437
1.01006329884064	-0.0331897323905816	-0.387168
1.02605333774559	-0.0119744771133355	0
1.01688311302926	0.0355209013950223	0.05531
0.490958899327921	0.00643110960221057	-0.430187
1.02489579238774	-0.0766395116496761	-0.0122909999999998
1.04373481286435	0.0771079789322165	0.043018
1.0510029086857	-0.0016988037568722	-0.061455
1.05182390043356	0.00697154772812847	-0.0307270000000002
1.04651599798765	0.0538726828356715	0.0122910000000003
1.01673481024385	-0.0613600981045537	-0.104474
1.04415728629827	-0.0674207792170278	-0.0860370000000001
1.04186210499238	-0.0516561146511211	-0.11062
1.03497619508052	0.0403023028703873	0.0676010000000002
1.04710444007805	0.023415626594918	-0.00614600000000021
1.04813272147905	-0.0509489760930459	-0.0798920000000001
1.03757961751185	-0.141416184802002	-0.153638
0.0853762190175663	-0.00330170051105093	-0.503933
0.00209241133611996	0.000788552344791134	-0.522369307179586
0.0030477741276422	-0.00192641451065848	-0.516224
1.01284499710822	-0.100846476551505	-0.141348
1.05487281017534	0.00992503671438177	-0.0245820000000001
1.05049540417609	-0.00482532961680621	-0.0675999999999999
1.04910876530053	0.0115238261704893	-0.049164
1.05109907272182	-0.0278520972878532	-0.0553100000000002
1.04198910698528	-0.0401459951180913	-0.116765
0.130853472601153	-0.00153906082386826	0.528515
0.00130244414337581	0.00151777444087917	0.583825
0.0108525586178122	0.00205474364506775	0.546951307179587
-0.0012299259169415	-0.00069805604276038	0.553098
-0	0	0.571534
-0	0	0.577679
-0.0114075524864816	-0.00385587166126847	0.540806
-0.00801398076707211	-0.000885501702427209	0.565389
0	0	0.559242
0.00494473759185689	0.000737272776977365	0.559243
0.0136564466588257	0.00430133289279951	0.503933
0.861493175297308	0.290610579497996	0.279007
1.04886637529733	-0.0160102083261954	-0.061455
1.01818518795467	-0.0352692930141331	-0.05531
1.05250180187229	-0.0690069348369084	-0.098328
1.05242283747317	-0.0383558491618544	-0.063914
1.046314300427	-0.0191411786984612	-0.0307269999999999
1.001721251225	-0.0649810344964223	-0.073747
1.04418942312378	-0.0607655217737114	-0.116765
0.590481930879176	-0.0538153259323065	-0.442477
0.996326758494685	-0.0738579061947486	-0.208948
0.999451245859068	-0.0813769448354801	-0.202803
1.04789931956322	-0.0753393393848066	-0.165929
1.0270579066712	-0.0550005122173015	-0.116765
1.03788611525339	-0.0546389216970941	-0.098328
1.04886534820656	-0.0450497650551607	-0.079892
1.04792476151246	-0.0601971279137463	-0.116765
1.04511021909227	-0.0574946079986277	-0.11062
1.04431788068886	-0.0706269358923078	-0.129056
1.04616347629274	-0.0251193326164553	-0.086037
1.04068613423662	-0.0737317435549094	-0.153638
1.0431269005666	-0.0459594311792869	-0.098329
1.0351348648392	-0.0591968377140292	-0.0676000000000001
1.03008770452826	-0.0737749481917265	-0.141347
1.03910266225561	-0.0869013538116813	-0.153639
1.05235373239511	-0.00620950199983106	-0.0122910000000001
1.0151190399573	-0.0537618332665016	-0.092182
1.05191933910881	-0.0130653744260118	-0.067601
1.04832198894539	-0.028931081790706	-0.0983289999999999
1.04524714927528	-0.0738363252938968	-0.129056
0.846513865395231	-0.0172939207417943	-0.479351
-0.00127801578323581	0.000605537494956301	-0.540806
0.962756031379582	-0.403115149854526	-0.448624
1.04685393165334	-0.00747046069095403	-0.0184359999999999
1.04156657867562	-0.0208121644708404	-0.00614599999999976
1.04129635188453	-0.0491207853456384	-0.0798910000000004
1.04545112768632	-0.0218389473052106	-0.0307279999999999
1.01279002966596	-0.0737723241413411	-0.331858307179586
1.02983743658668	0.0527622422246178	0.05531
-0.068334912056958	-0.0271908034851453	-0.356441
1.01974447992828	0.0119245819968431	0.05531
0.891371711281568	-0.0436058749134688	0.325713
1.01237279863802	-0.00808186722431514	0.0122909999999998
1.04908799270741	-0.0760222569852597	-0.215093
1.03941078058643	-0.1534869023751	-0.208948
1.0524438706125	0.0725665157644346	0.05531
1.05531008056991	0.00310384399383368	0.0122900000000001
1.03918548798669	-0.102501324663994	-0.208947
1.05222470292379	-0.0349309970789959	0
0.532382344420345	0.0192623817192509	-0.0860379999999998
0.0226516864026745	-0.00984383579276273	-0.540806
0.996491025983935	-0.223451639361818	-0.245821
1.01308898372131	-0.0222645696683782	-0.057768
0.278012499998826	-0.0079403932146112	-0.362586
0.994217828674166	-0.187541753074952	-0.17822
1.05503138744951	0.00810996278376497	-0.00614599999999998
0.630234535644991	-0.10697864310386	-0.374877
1.01897896721556	0.0110392197329627	-0.00614500000000007
1.04795043938245	0.0269235324228581	0.036873
1.03789623633238	-0.133226883950166	-0.184366
1.0331944111302	-0.139245498344893	-0.23353
1.04532452500542	0.00711599762404885	0.05531
1.04473477188741	-0.083918153038344	-0.147493
1.04881461237601	0.0711962700326041	0.202803
1.04594175697718	-0.0693602264376587	-0.258112
1.01870185369627	0.0242184490788813	0.049164
1.01660825000325	-0.0950245548546395	-0.178221
1.04357557065448	-0.0597246040855236	-0.12291
1.04502459566246	-0.0676283554473933	-0.153638
1.04570638701874	-0.0124960853150208	-0.012291
1.05019600340874	-0.0504118480548894	-0.036873
1.02221176013268	-0.00448524764676583	-0.024582
0.0469250301788717	-0.00174400192430217	-0.479351
0.0103369496004411	-0.00302315629069084	-0.528516
0.0250785016274456	-0.00848874296478626	-0.516224
1.03685964078345	-0.0889442820782918	-0.116765
1.04453368920412	-0.0595766071343471	-0.116765
1.04840303809632	-0.0422533514814027	-0.061455
1.03200150336791	-0.15660256398726	-0.23353
1.05427322501272	-0.0272207094189768	-0.0798920000000001
1.02254495375304	-0.0402345318624486	0.0307280000000003
1.05575443737478	-0.028958037976838	-0.0921829999999999
1.00076179678971	-0.0383383109465922	-0.0368730000000004
1.04352459033994	0.127880527664901	0.0921830000000003
1.05257692671123	-0.0688317757662573	-0.116765
1.05287783186029	-0.0325003258011445	-0.00614600000000021
0.932361393308581	-0.0317211643494066	0.399459
-0.00065772735232089	0.000753256085278851	0.503933
0.00760550576493213	0.00267512281205613	0.516224
1.00300627146148	0.17633042678149	0.16593
1.04911442769504	-0.0129196595196867	-0.018437
1.0443950379598	0.0287203879837758	0.049164
0.640783362931664	-0.000745513908117168	0.497788
0	0	0.559243
0.000985142770198076	0.00101463970074407	0.559242
0.00772226248480491	0.00116904324803886	0.546952
0.00578496938812353	0.00187992797161328	0.543264
0	-0	0.57768
0.0121911989846597	0.00462327452315295	0.559243
0.0169345429874619	0.00334981399570439	0.528515307179586
0.00114518978625789	0.000828577910308776	0.202802
0.00432390018939837	-0.00270220061285613	-0.528514307179586
0.0212186558623907	-0.00554694901665688	-0.516225
0.00640288514890271	5.53332627878994e-05	-0.540806
1.00379503169164	-0.161609202557204	-0.23353
1.05022108975878	-0.0397575480365401	-0.104474
1.04692683482946	-0.0130077866666308	-0.0577679999999998
0.300669538356055	-0.00623126831044304	0.451082
-0.00616629829547562	-0.00172533049912471	0.516224
0.00836486511095792	0.00387672950764793	0.503933
0.0165159941249548	0.00449688092620531	0.583825307179586
0.0124402987627719	0.00303956685943441	0.516224
0.002208976765741	0.000347018224904996	0.58997
0.0079375307750301	0.0022350850532928	0.516224
0	0	0.510079
-0.00558142897746243	-0.00241819159074386	0.559243
0	0	0.546952
-0.00324568120629257	-0.00157020810949346	0.58997
-0.00223581560949039	3.35940524337101e-05	0.537119
0.013391029614177	0.00383149133787768	0.571534
0.000613140293305226	0.000789974038007737	0.559243
1.01542152922378	0.0571324600279304	0.0676000000000001
1.04372738045378	-0.0569047914599402	-0.098328
0.271113484473354	0.00121595095154954	-0.503933
-0.00746206185293539	0.00350964854408066	-0.52237
0.995169304776185	-0.302726039235617	-0.358899
1.04389332751183	-0.0448967791304436	-0.098328
0.275310343912172	-0.00831952732801729	-0.528515
0.000733529342922059	-0.000679657783793597	-0.503933
-0.00582319853776402	0.00144580731419706	-0.516224
0	0	-0.503934
0.000700997333162969	-0.00071316389343417	-0.553097
0.0077689809347487	-0.00190864748854034	-0.510078
0.021241113034057	-0.00555113655699447	-0.503934
0.0105797292211855	-0.00225151717879222	-0.516224
0.00700231046124798	-0.000983691112236548	-0.546951307179587
0.00341965258824948	-0.00114279314649687	-0.0676010000000002
0.0113404476348606	0.00392355036172532	0.559243307179587
0.00457084070170914	0.00202667591873892	0.577679
0.54636113591041	0.0974243766553639	0.460914
0.562693173534117	0.124311674665355	0.061456
0.056751642549654	-0.00438760389236214	-0.553097
0.972744527453089	-0.377689137135379	-0.417896
0.379956478935636	-0.0108200792434083	-0.565388307179586
0.00628522978417436	-0.000704192132960937	-0.565389
0.585781495608505	-0.260330634775594	-0.442477
1.04953067648529	-0.0784242253155053	-0.153639
0.578526909348863	-0.00962367701308876	0.454769
0.000608273563299043	0.000793727454604005	0.516225
0.34208090590203	0.130788584430164	0.350294
1.00183616074269	0.0285010004797084	0.0368729999999999
0.88048682653769	0.0439084080056134	0.510079307179586
-0	0	0.565388
-0.00261991648037822	-0.0014615189481643	0.596116
-0.00108335031738741	-0.000909039102468301	0.516224
0	0	0.553098
0.0027463060796291	0.00120739509564692	0.510078
0.0113323807319531	0.0029286766544054	0.553098
0	0	0.559242
0.00841484338433524	0.00319224228671878	0.475664
1.02677862991074	-0.00690254725624932	-0.0491650000000001
1.03768500395027	-0.0694178116676843	-0.143805
0.0690991405171839	0.00151946694155542	0.543265
-0.136391534620572	-0.0313424517842058	0.614552
-0.00135413544644412	0.000407820049388931	0.553098307179586
0.00822625638859827	0.00351122568756927	0.571533
0.0185423602102383	0.00501805518440879	0.546952
0.00869914605933609	0.00251492700457438	0.565389
0.00411251952796681	0.000295267898850685	0.510078
-0.224587573100996	-0.0905175232129389	0.485497
0.300781679929854	0.118069390692824	0.350295
1.03923052729741	-0.0163985100890789	-0.092183
0.998978002361887	-0.28376566176522	-0.356441
0.88847869252694	-0.0533911315259289	0.307276
-0.00648652373699518	-0.00330530026009737	0.57768
-0.00130219765526291	-0.000551616956436054	0.559243
1.04072231802115	-0.0253388392134581	-0.098329
0.240406027786536	-0.00741227386835323	-0.546951
-0.000955727803184907	0.000294252215317289	-0.52237
0.446126668071758	-0.216425497654947	-0.479351
1.03139860770966	-0.0801617864981574	-0.11062
1.04427921817012	0.0189186283332007	0.030728
0.222003047556572	-0.0118594635458041	-0.497788
0.692649933101131	-0.032466446910597	0.319568
-0.069946564295508	-0.0145766300376431	0.540806
-0.0126844462887103	-0.00347919852104199	0.559243
-0.00635755120108886	-0.00214045385970693	0.534661
0.00202914150145037	0.000939459827289872	0.522369
0.00465276273367897	0.00183079188989004	0.555556
1.04932509073982	-0.0209010512620919	-0.0614549999999998
0.619084292040755	-0.0278323435663832	-0.199116
0.00307023828025845	-0.000757388211181259	-0.565388
0.00280070725496282	-0.000395017559100553	-0.522369
0.988388399166394	-0.325885520379923	-0.350295
1.03875399714585	-0.0699723760745133	-0.086038
0.819540399843073	-0.0328257981632576	-0.491642
-0.0119339227151011	0.00464558808225389	-0.559243
-0.0204321907638581	0.00628693729802659	-0.503933
-0.0150838133947069	0.00474115739811169	-0.510079
-0.0077010054477939	0.00130173541591168	-0.528514
0.00174058972609572	-0.000985062132764025	-0.516225307179587
0.0160061361700175	-0.00498032176740203	-0.553097
0.0115393786340309	-0.00344132833953487	-0.510078
0.0080616019902095	0.000102826803153269	0.184365
0.013945203685085	0.0027443203496448	0.546952
1.01996618311336	-0.00582969168649905	0.00614600000000021
1.05145136277065	0.00387707721543973	-0.00614600000000021
0.365819747317191	0.00699374526176308	-0.497787
-0.00141275143895929	-6.42913035903354e-05	-0.503934
0.282555454159056	-0.133770009063952	-0.463372
1.01744371773415	-0.0499227527618397	-0.104474
0.533477978856639	-0.0287618858045731	-0.528515
0.00216832666470369	-0.000546222917071713	-0.516224
-0.00648245662524262	0.00331326969953299	-0.52237
1.0054719000779	-0.173165406919901	-0.258112
0.607366723969129	-0.0179628120016825	0.424041
-0.001812204054235	-0.00130992994691201	0.503933
0.123016073438916	0.0623862619145541	0.516224
1.00260314203211	-0.0373841087673843	-0.104474
1.04983163909926	-0.0647776932837193	-0.116765
1.05104782437432	-0.0620279846360819	-0.129056
0.622391386407673	-0.0166421791101332	-0.528515
0.0181214316111597	-0.005622607612317	-0.553097
0.00222246873162026	0.000246237155940364	-0.516224
0.00624448613913252	-0.00100119621362805	-0.516224
0.00103496532171143	-0.000962729340393722	-0.553098
0.00915337066213718	-0.00110263571568742	-0.522369
0.00179238401349231	-0.000887332828300566	-0.553097307179586
-0.0103305021313499	0.00304970928355341	-0.546952
-0.00759431518415306	0.00182383576117195	-0.503933
-0.00314453097822849	0.000331550790924153	-0.122911
0	-0	0.546952
0.0129778583168465	0.00340575902081273	0.534661
0.00571144632005232	0.00208982820661707	0.571533307179586
1.03266470006976	0.033758217219347	0
1.04739813377658	-0.0229597334771203	-0.00614500000000007
1.04511546487262	-0.0306376416209417	-0.0122910000000003
0.3758518075618	0.00210208290207509	0.479351
0.000749200154319117	0.000662343663643304	0.553097
0.00295632402456076	0.000510047313299665	0.534661
1.03918468187322	0.0622912269910219	-0.0245819999999999
1.03784465727715	-0.00992307216924138	0.0184359999999999
1.04694725051177	-0.0123066911006722	-0.0122909999999998
1.03856974084219	-0.102673723059966	-0.196656
0.863728884199893	0.0485532140934825	0.30113
1.03146358872934	-0.103845390487894	-0.196656
1.01123651157942	-0.0798606138762656	-0.141348
0.00408662124422484	0.00054729042221904	0.528515
-0.00220124428050542	0.000393094921798474	0.571534
0.512845509721156	0.224433694348347	0.393314
1.01061821663857	-0.202893701724045	-0.294985
1.04262976354975	-0.0366221266612956	-0.079892
0.55954804959741	-0.0192597557807609	0.454769
-0.00740955793574391	-0.00317560265096865	0.528515
0.00399864086013974	0.00200271597377663	0.534661
0.00500147233268799	0.000992609946229835	0.524828
-0.00211399582743655	-0.000730083996250393	0.53466
-0.000617365093774233	-0.000785405208150239	0.57768
1.03675345977079	0.0939269059071521	0.0553089999999998
1.03917735768915	0.0444456889494231	0.0245820000000001
1.03610293063035	0.00554230450225679	-0.0307269999999997
0.299168112589683	-0.00620003302623495	0.460914307179586
-0.00116539196465532	-0.000801162635621737	0.571534
0.00985137342928025	0.00171768494109156	0.528515
1.00981036322869	0.0411342961035524	-0.00614500000000007
1.04045576228176	-0.0686790123304891	-0.104474
1.03614257429922	-0.0620529268011246	-0.135202
1.04182272464312	-0.0571875022813302	-0.122911
1.04124135266227	-0.0588340505663796	-0.110619
1.03408981783856	-0.0699874891864377	-0.147492
0.0404249195813578	0.00168103445556123	0.540806
0.00708300288436891	0.00385111284436547	0.583825
0.000977993933820906	-0.000208633327655004	0.516224
1.00107940501852	0.140588139072133	0.073746
1.01253694886334	-0.0580726543867873	-0.129056
1.03689076004132	-0.0980423262776899	-0.141347
1.02591573288926	0.149016472278374	0.147492
0.12165835508673	-0.000304365883635881	0.39946
0.000474239487150946	-0.00088039588187684	0.596116
0.0135444410762727	0.00464479460594147	0.559243
0.000789219691483462	-0.000614110966009923	0.528515
-0.0690742195632941	-0.0104349505375776	0.500246
-0.00309665234346663	-0.000636195931853299	0.571533
0.0131743058979	0.00338284881550476	0.534661
0.00504302578204963	0.000749597199556723	0.503933307179587
0.00983477141315331	0.00450569364815615	0.577679
0.0133145432151461	0.00277901762715107	0.516224
0.00694954702581061	-0.00192140499011368	-0.503933
0.0121422494308463	-0.00308930085280082	-0.528515
0.00466221356428774	-0.0020673088015511	-0.522369307179586
0.0119285542083553	-0.00465935558831261	-0.553098
0.997841378872107	-0.219186182526669	-0.251966
1.0004101357515	0.0244245836333581	0.0983290000000001
1.05034037768719	-0.0395106441346075	-0.073747
0.27023198407013	0.0014828305773459	-0.485497
0	-0	-0.315879
0.0114163627988656	0.00370008938333536	0.543264
0.0065256865102739	0.00155416072837805	0.540806
1.01914107523027	-0.197829393110538	-0.276549
1.02737482900799	0.00315606096320059	-0.0307270000000002
0.00760213901606245	0.0017909445498012	0.510079
-0.00386977703279758	-0.00142296370875288	0.565388
-0.000999489429598944	-3.19512146975083e-05	0.540806307179587
1.04462725191938	0.00467745105336431	-0.0430190000000001
1.04011135468607	-0.0505689020457429	-0.0921829999999999
0.22362084206543	-0.059747125403216	-0.153638
0.00607361109949968	-0.00033353892132086	0.553098
0.00633671056248286	0.00219865873826079	0.53466
0.0122938495020553	0.00434594816131	0.546952
0.010040294532277	0.00227870263639947	0.516224
-0.0014140597426931	2.0857710667017e-05	0.589971
0.000983722084618373	0.000179696578249976	0.510078
0.00253942388748242	0.00124552250870286	0.546952
0.010883887051385	0.0025575383971095	0.17822
0.989418872784096	-0.258279488497729	-0.264257
1.04508423635027	-0.00655278049178598	0.0122910000000001
0.856873063983422	0.0255646674076162	0.528515
0.28756387551516	0.120714611786238	0.37119
1.01264540920354	0.121252939011821	0.202802
1.04199779565479	-0.0295396995679951	-0.061456
1.04619632892217	0.0426408413351236	0.018438
1.0444075133518	0.0397233691208291	0.0184359999999999
0.856990541299367	-0.0222758192535607	0.424041
0.00974036176512664	0.00333546888524658	0.559243
0.96538628249495	0.293997152317129	0.307276307179587
1.04148444143386	-0.0667469718504071	-0.122910307179586
0.735366313359072	-0.0446025243308761	0.294984307179586
0.00333967956329995	0.00135887468681929	0.516225
0.0145765041735301	0.004530510575979	0.553097
0.0117598127748035	0.00258974969863276	0.534661
0.0152442473756682	0.00355146757685136	0.546951
0.00352768679900806	0.00213434436024391	0.540807
0.0946948367988626	0.0415438068024202	0.522369
0.987780443488174	-0.13334089943564	-0.221238
1.03803999808422	0.0111786572235292	0.030727
0.944502774913333	-0.129300070305526	0.11062
0.00725437924005448	0.000611540547694516	0.503933
0.00128557567777749	0.00153208850159087	0.503933
1.03905450587599	-0.0616338690884409	-0.116765
0.0496484016993381	0.000190285840757955	0.524827
0.00303700048018964	0.00088126504714978	0.583826
0.00360332361922981	-0.000126723695888829	0.553097
0.996810483600639	0.165906177654301	0.110619
1.004753548746	-0.258909841995846	-0.338003
1.0105777107663	-0.0212059072512539	-0.0491649999999999
0.132968527422278	0.0174748595173455	-0.110619
-0.224842782883038	0.00507178325750701	-0.516225
-0.00219549522001515	-0.000424029172216277	-0.543264
0.00492313347061537	-0.00278617243373534	-0.510078
0.00635345396207163	-0.00215258513230922	-0.528516
0	0	-0.503933
0.745347322809472	-0.244414337510614	-0.473205
1.04054752425151	0.0297632285557477	0.05531
0.962923016320187	0.000514432536023457	0.479351
-0.000983722084618373	-0.000179696578249976	0.565388
-0.00222910496111217	-0.000176326607022358	0.510079
1.02808287191124	0.131082449178894	0.086037
1.03038516349504	-0.154952943983977	-0.23353
0.992537826293222	-0.0675992853299949	-0.116765
1.05711626608513	0.0133116482165146	-0.0430189999999999
1.03758224010008	-0.0313862235526889	-0.0737460000000001
0.932830648048972	-0.0602244307613906	0.23353
0.00701206407445484	0.00168254492235816	0.553097
0.00936924513069844	0.00363582819738231	0.518682
0.635512420125929	0.166950075970888	0.460915
1.03635405164002	0.13586125146384	0.325713
0.991685936816315	-0.0600583276552588	-0.387168
0.7285815504353	-0.147488726231176	-0.0983290000000001
0.0401537156882549	0.00238308968080194	0.510079
0.00087210539492055	0.000489318076665005	0.522369307179586
0.00201093906907415	0.000977815964519504	0.503934
-0	0	0.528514
0.0118796780561716	0.0034457581577538	0.528516
0.0180061330312285	0.00497786834515475	0.571533
1.04312454431794	0.0436369687476194	-0.00614499999999996
1.00532891350178	0.0786497023346886	0.196657
1.04760719700488	-0.0376451960224582	-0.141347
0.15415117362249	0.00392627951232791	0.503933
-0.00451319106425863	-0.0021520005616835	0.546952
0.991325713337727	0.198074051999362	0.258112
0.465009450816106	0.00334823113071231	0.503933
0	0	0.546952
0.953752128893846	0.348180258819274	0.309734
1.01340638988135	-0.00646366371795848	-0.0553090000000001
1.04087081779277	-0.0294947566086697	-0.100787
-0.149181545156725	0.0290837855969937	-0.11062
-0.32709159622773	0.0160027396778119	-0.540806
-0.00683309431860324	0.00230408811313096	-0.546952
-0.0122784377288214	0.00149665190991991	-0.503933
-0.00847322104347232	0.00286435422886908	-0.534661
-0.0110818797978904	0.00268177928717781	-0.503933
0.817704159239249	-0.356719648972178	-0.393313
0.97627954895148	0.226800005068549	0.270403
0.88622699699814	0.00645831182730019	0.503933
0	0	0.571534
0.060275730014277	0.0280707387192797	0.510078
1.02197676972934	-0.0872437512638629	-0.184365
1.04461169482134	-0.0767815540510302	-0.104474
1.03497966740603	0.00954400629209939	0.036873
0.624664322166029	-0.0205057214663479	0.430187
-0.00223517295915754	1.6860158023168e-06	0.510078
-0.00413761136007416	-0.00280716444708609	0.571534
-0.00599818721891828	-0.000147479106344517	0.524828
0.000877464753399394	-0.000479641122654762	0.516224
0.000851105318015486	0.000526897274282859	0.546952
0.0139627463693945	0.0051031082512467	0.571534307179586
-0.000534705880045911	-0.000845038236912979	0.546951
0.0147473018620815	-0.00274173080163847	-0.331858
0.0907773801117367	-0.0432835680143063	-0.559243
1.00069637585481	-0.084426082172757	-0.0430190000000001
1.02032690254134	0.0135649530550747	0.0307280000000003
1.00159048998485	-0.154885565421438	-0.227384307179586
1.01858665512792	0.0310358823832697	-0.00614599999999976
1.02886858458256	-0.0204529622080304	-0.245821
0.0758003308684154	-0.0038018207794139	-0.485496
-0.00141292169373228	4.0660636749569e-05	-0.534661
-0.06770386642798	0.0214751594104041	-0.500246
-0.0139997746138447	0.00300105160927453	-0.503933
0.00141098628974962	-8.43723303887684e-05	-0.53466
-0.00190217402370862	0.000611341135146838	-0.553098
0.0835541231556362	-0.042196759409848	-0.522369
1.01813785089366	-0.116757511868158	-0.258112
1.03999244538042	0.043378722337806	-0.012292
1.03802795661155	-0.0616681546087726	-0.0553090000000001
0.999418914668809	-0.14663503333862	-0.129056
1.04521700765412	-0.0339765641370566	-0.0553100000000002
0.42830855012752	0.0125214171586756	0.497787
0.00425393707616845	0.00137696054844965	0.516225
0.00966339909566424	0.00257657115522389	0.540806
0.00783422213129419	0.00190760703436275	0.565388
0.00357102097876773	0.000493771373408116	0.516224
0.0174010616834321	0.00471201149079682	0.567847
1.00656350579766	0.0752456563285662	0.0430190000000001
1.04291816418865	-0.0260474721684519	-0.018437
1.03493850574297	0.0180911395578695	-0.0245820000000001
0.528090199475957	0.00695393546451495	0.503933
-0.00293010961520187	-0.00119182995553408	0.503933
0.194906278840608	0.0944508468437804	0.454769307179586
0.946313619144424	-0.0132111400636317	0.393314
-0	0	0.516223
0.288946254913362	0.127945542210513	0.39946
1.04194290368328	-0.0794794656754051	-0.0798920000000001
0.399352227624706	0.00328607534689736	-0.473205
0.00996854039853549	-0.000792592154115393	-0.503934
0.00398692908448589	-0.0010509026954372	-0.503933307179587
0.00800368291164959	-0.00299016050568918	-0.53466
0.00634235806415056	-0.000885717328556208	-0.534661
0.154678769432918	-0.0777140031636401	-0.518682
1.02558709614159	-0.185123472927843	-0.258112
0.594174251438883	-0.0278269101418645	0.408063
-0.000991364402989834	0.000131135885571464	0.546951
0.00625214247682161	0.00138228595070379	0.534661
0.526301568014945	0.182824121781045	0.245821
1.03396582919421	0.00443441751790595	0.0430190000000001
1.02205053316577	-0.169108567658673	-0.172075
1.03281771426362	-0.0963720348610751	-0.196657
0.996547124842953	0.0786818147175293	0.104474
1.03300021414677	-0.0954963746574896	-0.0675999999999997
0.140765876411949	0.000983889209199326	0.503932307179586
-0.000994675003406232	0.000103061329307317	0.583825
0.952884869750809	0.316397574263748	0.282694
0.0559874397719868	0.00322592432926509	0.565389
-0.00296245836828806	-0.00110627321045051	0.559242
0.00869615104838999	0.00306218172935366	0.516225
0.000862314778229082	0.000506372613050419	0.546951
0.00199974470894709	-3.1954640308279e-05	0.546952
-0.00137936147263841	-0.0003120287291273	0.559243
1.02828860195454	0.120965082112026	0.0430189999999999
0.303847125195077	-0.00556098109035012	0.43879
0	-0	0.571534
0.97024128407394	0.394314405872462	0.393314
0.0982339328471732	0.00266353850677844	0.53466
0.00388281642302628	0.00315019628357894	0.565389307179586
0.967887234126366	0.336700611842649	0.368731
1.04574196017889	-0.0649288281212802	-0.104474
0.291183436872812	-0.0244173317735042	-0.534661
0.00626217336190439	-0.00371284052787844	-0.503933307179587
1.03538958362646	-0.118395143979031	-0.141346
0.100842616458093	-0.000875617431283789	-0.473206
0.0071582116093891	-0.000871783548369105	-0.534661
-0.00196961559354107	0.000347295859001911	-0.506391
0.00348791664493101	-0.000913475493931036	-0.540806
0.00511579693175464	-0.00168185069285284	-0.516224
0.976284173397914	-0.297525146454467	-0.319568
0.423085150547324	0.0212592423747379	0.516224
1.02939087704987	0.150184627197631	0.153639
0.174903760028846	-0.0380088769601481	0.491641
0.00616485441995391	0.00141229245582247	0.561701
1.01378366126148	0.249075667537553	0.270404
1.04462240328661	0.0157808286125388	0.0245819999999999
1.04100151551122	0.0605792431723628	0.0860370000000001
1.02820574839848	-0.104469799273858	-0.202802
1.03952419952164	0.0220553532933942	0.0122910000000001
0.968045358156453	0.0231772421082003	0.546952
-0.00141343491357107	-4.69227567073902e-05	0.553097
0.684439966215989	0.207865179013359	0.129056
1.04630913491094	-0.041075469588605	-0.061455
0.0984491346324521	0.00240164321273799	0.577679307179586
-0.00278622346173761	0.00111218650471143	0.571534
0.0165114230267678	0.00440510052451657	0.510078
0.00397410317157317	0.000436472200375372	0.559243
0.00177107695153321	0.00136575526056054	0.546952
0.0144713039039469	0.00340314021450754	0.52237
0.00798934304336163	0.000412792605904227	0.53466
0.00628582665681413	0.0012199931313255	0.559243
0.0058305387495347	-6.94110234920062e-05	-0.497788
0.0196977227485127	-0.00608273939296392	-0.53466
0.993358977832437	-0.171775845681796	-0.215094
0.965676410123074	-0.046141856614283	0.405605
-0.00235800927908104	-0.00156198343133557	0.540806
0	0	0.534661
0.999996120282803	0.0488339986008121	-0.0737460000000001
1.04133983797954	0.085049078994069	0.0860370000000001
1.04281434578972	-0.0230271625727007	-0.0307270000000002
1.01039709903813	-0.0362450307673455	-0.0676009999999998
1.01355609293828	-0.0614996786063662	-0.0921830000000001
0.717874154935961	-0.00655512593169666	0.41175
-0.00099811221565785	-6.14166504579039e-05	0.518682
0.0053540691984557	0.00182371708829418	0.553098
0.00783973893247803	0.00255783003160648	0.540806
0.0119583312107322	0.00223658571363305	0.540806307179587
0.0100527247541215	0.00345119240522015	0.565388
0.00978128201389378	0.00288557137577201	0.528516
0.0152517203935725	0.00533057464410113	0.596115
0.00679163398156166	0.0024219225546005	0.516225
0.00131830285679065	-0.000513885763354413	-0.325713
0.0167594657545801	-0.0050090227211551	-0.528516
0.0158716415733605	-0.00285569567124771	-0.510078
1.01146761174829	-0.270215473992901	-0.276549
1.04107202039037	-0.052335918452914	-0.0921830000000003
1.03950552420817	-0.0303146027799285	-0.0860369999999997
0.38940955355735	0.00319368099002268	0.528515
-0.00184949693143058	-0.00125831717012396	0.589971
0.0120436263569971	0.00411716700815264	0.534661
0.841707221974476	0.0255529347827331	-0.05531
1.03184698866387	-0.0479112720171435	-0.05531
1.01380204910735	-0.0649830533811047	-0.098329
1.04451217520329	-0.0293822370165276	-0.0983280000000001
1.04204209661814	-0.0347745435006603	-0.104474
0.916067257659082	-0.0241201045804025	0.442478
0.0017056655182494	0.00104436829703612	0.58997
0.00703479177167038	0.000715335396333205	0.540807
1.03283528377671	0.0895057349329491	0.024582
1.01223310507257	-0.0298184673505276	-0.049164
1.03792706090898	0.013543124929266	-0.0184369999999999
0.250039229224955	0.00326279781628308	0.559243
0.0115928281886114	0.0036886765362866	0.561701
0.0103133928794272	0.00310063353438472	0.540806
0.00558807629562028	0.000879433519004217	0.534661
0.00223246012946219	-0.000126971533644847	0.540806307179587
-0	0	0.565388
-0	0	0.52237
0.00905396714439861	0.0043595504295925	0.559243
-0.000208633327655004	-0.000977993933820906	0.430186
0.00540956107060254	-0.00278363970790296	-0.528515
0.0167821601311555	-0.00289121104941102	-0.528515
0.0172540631602099	-0.00439286972986226	-0.540806
0.943678050645465	-0.346284184926159	-0.436333
0.544697245334257	0.0976212626699331	0.442478
0.830748398161686	-0.0544527221706364	-0.147492
0.99847872992113	-0.236850640478526	-0.448623
0.675371986412443	-0.0347804538399337	0.381022
0.00223214128975235	0.000132458531551307	0.516224
0.00818374696077509	0.00245484942145243	0.559243
0.0108637038972894	0.00199497810314385	0.540806
0.000900511325289082	-0.0004348325574595	0.559243
0.00307167762370951	0.000751529491105889	0.602261
0.00303808154782729	0.000877530916119536	0.546952
0.00610074894160673	0.00194444396974736	0.540807
0.621842435575646	0.235987256684231	0.331858
1.01453225744419	-0.0573524071438856	-0.0860380000000001
1.03422633414133	0.141813165007985	0.254425
0.795854925814713	0.182355063152785	0.417896
0.00449779220322977	0.00218262830013806	0.583825
0.997851132475756	0.105797530296561	0.0737459999999999
0.993969403492901	-0.07156673054545	-0.147492
1.05238610021999	-0.0549681368044904	-0.0983290000000001
1.01167846313007	-0.0118736363332524	-0.0430189999999997
0.00921742378878564	0.000164619858888264	0.571535
0.993468545532657	0.171289862625398	0.159782307179587
1.04395298207907	-0.0121308371195024	-0.0491633071795867
1.03117759537935	-0.0264125498326861	-0.0798919999999996
0.938251554178098	-0.331375785300289	-0.34415
1.01395516027762	-0.0239151196189163	-0.061455
1.03078328592024	-0.0465061014004247	-0.110619
0.149292104184905	0.0289309458719159	0.510079
0.990339877823939	-0.130443130875736	-0.34415
1.01995092277323	-0.0641335725969301	-0.12291
1.04835296273296	-0.051225633515201	-0.135202
1.04000916536382	-0.0302325315058819	-0.0921829999999999
0.849918709281569	-0.0366126428183996	0.411751
1.00059750648016	0.0312012504186746	0.00614500000000007
1.04761389624866	-0.0255391540130747	-0.0614559999999997
1.03600910549848	-0.054222701198374	-0.116764
1.04458080685547	-0.0685361652719467	-0.147493
1.03709906957501	-0.0718576362444882	-0.122911
0.39275753362636	-0.000792326787493858	0.503934
0	-0	0.503932307179586
-0.00114205256627291	-0.000835296914799074	0.553098
1.04025647970242	-0.0217024524450565	-0.196657
1.03953502609936	-0.0188174257966587	-0.0798920000000001
1.04211481611427	-0.075259139226516	-0.12291
1.02143073985233	-0.0332975027098744	-0.0368739999999996
1.04383939423937	0.0159842121788417	-0.05531
0.537361877751336	-0.00414250414125331	0.411751
1.05351466762215	-0.0529674344196518	-0.104474
0.998690257186408	-0.144383219945905	-0.319568
1.02695028070782	-0.169029467715344	-0.233529307179586
1.02471434903486	0.181834707589258	0.264257307179586
1.0349406717248	-0.0732289014721357	-0.202802
1.04289695713336	-0.0527815574133544	-0.110619307179586
1.00652248739482	-0.0766929616950073	-0.135202
1.03833987721804	-0.0472311061041506	0
1.00794229424254	-0.0580067709675191	0.018437
1.03452354187109	-0.0220463446972021	0.05531
1.03934330744981	-0.0548752882751659	-0.116766
0.706044728644777	-0.0133865288227357	0.368732307179586
0.00408338496966367	0.000558544706819863	0.534661
0.0035992889051231	-0.000202781600408188	0.565388
0.9453708043378	0.262157453290392	0.208948
0.985730930277757	-0.225963304772573	-0.294985
1.04667000547809	0.00311281777521466	0
1.03450853899667	-0.0570708572124548	-0.0860379999999998
1.04720007644231	0.000569125845907459	-0.0368729999999999
1.04239881782079	-0.00263602234811694	-0.018437
1.04422501765133	-0.00255783367048817	-0.00614500000000007
1.04524667654395	-0.0244227184364265	-0.018437
1.01044672169496	-0.00048848531089396	0.0245820000000001
1.04285910159504	-0.0311236922840015	-0.0676010000000002
1.03940068003288	-0.0400569388270481	-0.0491639999999998
1.0381911745714	-0.0483597461019618	-0.0860370000000001
1.04309609475603	-0.0155088719359194	-0.0491639999999998
1.04611745802404	-0.0277716405224827	-0.0676010000000002
1.0435202906098	-0.00361290556672256	-0.0245820000000001
1.01196898168003	-0.0269398241732207	-0.0798919999999996
0.450604897351969	0.000475901696969261	0.52237
0.962812075032773	0.281675501552914	0.159783
1.0260657500635	-0.19865808452621	-0.202802
1.01948012141501	-0.186514251583208	-0.221239
1.00920723898348	0.012839033932771	0.018437
1.01568426213516	0.00949366377899086	0.0368729999999999
0.186280632784195	0.00380287595382504	0.516224
1.03513828618382	0.0778192295800366	0.116765
1.02982514970486	-0.113952854481004	-0.104474
1.04050968803787	-0.0021248784307179	-0.165929
1.18434888392997	0.0459425851887661	0.0184359999999999
1.01225690310969	0.00192408699993984	-0.0737460000000001
1.01491467559497	-0.033752470990207	-0.00614499999999985
1.03993104362399	-0.0452705699888282	-0.0430190000000001
1.0283338713422	-0.0628449606202693	-0.061455
0.990828845106787	0.0243949114642911	0.313421
0.000982139456003749	0.000188154428497189	0.571534
0.00315519107665663	-0.000191758363002217	0.528516
1.03749101392677	0.0153498544357997	-0.0368740000000001
1.0215784963359	-0.0473427910044208	-0.0860369999999999
1.04073919978463	-0.0520531079538044	-0.11062
0.336839476497527	-0.0103702983983965	-0.522369
0.0117027520309575	-0.00283506805948108	-0.503933
-0.00828735098111224	0.00230560528188141	-0.546952
1.04402127751824	-0.0540781480746125	-0.0491640000000002
0.687000426324152	-0.0275158542377268	0.454769
-0.00176515927615208	-0.000942450916395087	0.546952
0	0	0.553097
0.00974779932499982	0.00173043616453003	0.503933
0	0	0.528515
0.0111837489347462	0.00220901873341545	0.534661
-0.00195832841565357	-0.0010774817012111	0.571534
-0.00684898703456941	-0.0017559574597039	0.543264
-0.0158768046788074	-0.0046766536317145	0.559243
-0.00954644575188897	0.00423100573223813	-0.503933
-0.00448678323075817	0.00298006463691219	-0.512537
-0.0179711895400905	0.00373742578711698	-0.516224
1.00149746626336	-0.172694589000548	-0.190511
1.05643856282646	0.0338237634980889	-0.030728
1.04594716852017	-0.0268268646441708	-0.043019
0.20260216583651	-0.00124434695939693	0.540806
0	0	0.528516
-0.00298205471487914	-0.00105515433822227	0.512536
-0.00948298897564945	-0.00284621328920655	0.546952
-0.0101449426920872	-0.00246295346571621	0.559243307179586
-0.0141413811259059	-0.00458490347248019	0.546952
-0.00968137013577533	-0.00205647496802537	0.571533
0.00091102649470898	0.000409916730489385	0.534661
0.165954183629462	0.070924149292595	0.393314
1.04010993935299	-0.0781156454439912	-0.135202
0.469431436931665	-0.0147395405719358	-0.553097
-0.000182661027855442	0.000986227128453268	-0.565388
0.557061448953689	-0.244147140254834	-0.393314
0.923303222490218	0.00877264778598008	0.356441
0.00777888204610292	0.000706395861255895	0.516224
0.00648093812662386	0.00282939163052463	0.374877
0.00983726298981964	-0.00205335673205834	-0.503933
1.0008883951735	-0.189709289240186	-0.215094
0.0654558582741391	0.000823784920914922	-0.528515
1.01373589840897	-0.108461865588599	-0.141347
0.216932488815144	0.00361293585159828	0.503933
0.000710727480077115	0.000702045190186232	0.553097
0.991783554457512	0.238464716701699	0.202803
0.241051064735303	0.00062784630015871	-0.503934
0.756746140634013	-0.0893529107053772	0.301131
-0.0046483677297029	-0.0020915770245094	0.516224
-0.0122575320992012	-0.00260286531289281	0.553098
0.00506471409927912	0.00183266802573905	0.540806
0.00963828667190853	0.00283961864165392	0.534661
0.0156310501854486	0.00496953429408178	0.553097
0.980031420298316	0.262122900998875	0.196657
0.856588632795365	-0.014174419415532	-0.479351
0.384820391343342	-0.193939919592014	-0.479351
1.05528020289068	-0.042506368899346	-0.086037
0.298846630770562	-0.0108023736781871	-0.503934
0.0240718759916822	-0.00611807120267743	-0.553097
0.0139606066201546	-0.00413974211724899	-0.516224
0.967193548782265	-0.338149746703982	-0.399459
0.621125689537252	-0.0282652047732573	0.313422
0.263192382909613	0.0554153550864756	0
1.008909689768	-0.316248237772557	-0.34415
1.04468425571689	-0.0545958410344352	-0.098328
0.999518427659079	0.162062262028888	0.098328
1.0528539723974	-0.0534860057493063	-0.12291
0.90086253839663	-0.135766162642166	-0.05531
1.00709334363686	0.161806888689329	0.061455
1.0121035215599	-0.0123235411325692	-0.0307279999999999
0.938561604051267	-0.0100995747291038	-0.399458
-0.00160173811245519	0.00120268201080602	-0.510079
0.749970415240318	-0.320044119249628	-0.467060307179587
0.00221576513611879	-0.000290494167845609	-0.503933
1.04373525150852	-0.152114426536254	-0.116765
0.851654753151327	-0.00584238296886291	0.442478
-0.00135908341195944	0.000380660320145602	0.546952307179586
-0	0	0.540806
-0.00192657718883753	-0.0011306216588465	0.53466
0.00448006379821933	0.00221788849221505	0.546952
0.00615373333072781	0.00147227004801506	0.540806
0.951340902949721	0.0370832627583534	-0.208948
1.03567760428635	-0.196490193113295	-0.258111
0.85634722251895	-0.0357497201258135	-0.473206
0.00190237311201878	0.000613984969419972	-0.540806
0.213742822210765	-0.100342363712316	-0.485497
1.02414883538715	-0.0449858087862899	-0.0860369999999997
0.235473336873384	-0.000321959182776374	-0.553097307179586
0.00354470514369325	-0.000650437886549173	-0.503933
0.577272123575071	-0.254378991583681	-0.405605
1.0080628918419	-0.0214050483848103	-0.0860369999999999
1.01221741686118	-0.0483261110258125	-0.0921830000000001
1.02448812484982	0.046142670725663	0.0122910000000001
0.478644271662245	0.00872646720719702	0.516224
-0.00278036598228299	-0.000503578201043906	0.503933
-0.00402402692020518	-0.000888376240919467	0.546952307179586
0.00922086248826199	0.0022279355853555	0.516224
0.00694819301349624	0.00129715991582075	0.577679
0.00423976291979723	0.00283415108699469	0.546952
0.0126287714075768	0.00309000562057843	0.522369
0.00421503568363119	0.000457692239056378	0.546952
0.00188012030145206	0.000679079267897125	0.540807
1.00531790616357	0.116174883481306	0.036873
1.04687860990379	0.000249268739862751	0.030727
0.996869134409482	-0.135628768658011	-0.264257
1.03920133310331	-0.0814458917336722	-0.294985
1.04193550948893	-0.0142593857524053	-0.00614599999999998
1.05518648597324	-0.0131578805832726	-0.024582
0.886302379357173	0.0154928485055938	0.46706
-0.00211706454996294	-0.000712771135282666	0.528515
0.00280657058534331	0.000333416480535909	0.553097
0.00281969275772865	0.00103021199371989	0.586283
0.00315135649108698	0.000273790551504724	0.589971
0.124272829181193	0.0628955000958005	0.479351
1.04902581067892	-0.0277313278161239	-0.0430190000000001
1.01363047615515	-0.045368026290308	-0.0798909999999999
1.04200305887482	-0.0749713098226047	-0.147493
1.03865328923924	-0.0647316364810271	-0.135202
1.03783056477266	-0.0301798083771079	-0.0798909999999999
1.03834269728014	-0.0499004309601475	-0.0614560000000002
0.278728291164782	-0.000947475254952507	0.491642
-0.00189702004810126	-0.000630330022363972	0.565388307179586
-0	0	0.510079
1.03954219138789	-0.0331354845665031	-0.0307279999999999
1.04318164300688	-0.0172767392599728	-0.0491639999999998
1.05479621082685	0.00902095534370162	-0.0307270000000002
1.05560623186192	0.00521644230179041	-0.0307279999999999
0.636739375724278	0.0116175471702776	0.430186
-0.00223240572107943	-0.000142708431729973	0.528516
0	0	0.571533
1.02470643163228	0.105491274394828	0.024583
1.01903964266241	0.0010191587007316	0.00614499999999996
1.03299196600076	-0.124180595033496	-0.202802
1.02786680795346	0.0652483955018771	0.141347
1.02892894333574	-0.144522280534847	-0.159784
1.04010078567	0.0108142337985433	0.0122910000000001
1.00301234500952	-0.0547509978036649	-0.30113
1.01221692521846	0.0086184865432118	0.0122910000000001
1.01128445399124	-0.0318740823498163	-0.104474
1.0340340972535	0.0287278562049824	0.0368729999999999
1.04350120872374	-0.00675110428689851	-0.067601
1.0334442431491	-0.10156637392358	-0.098328
1.04013900032036	0.0419378827977882	0.0737460000000001
0.985331828721869	-0.183006118227274	-0.28884
1.03082083860197	0.134428176785721	0.129056
1.02207237772549	-0.0461251200927449	-0.159783
1.00236998479159	0.0213511028733886	0.0553090000000001
0.117639097230328	0.000864178705013492	-0.503933
0.0121922908215388	-0.00450333793124461	-0.540806
0.00958159317296558	-0.00303728369892936	-0.503933307179587
1.00692419736728	-0.270875068548688	-0.30113
