0.600266	-0.0320327	-0.354665
0.917797041071333	0.53484017233157	-1.14203238654681
1.10645195532626	-0.560139555207172	-1.34278029459887
-0.226067084523937	-0.414332378933647	-1.80339858879083
0.262237319414184	-0.864945738665464	-2.49725226189859
1.58341916022697	-0.261977411711418	-2.91878318386349
0.400012475176815	0.463444368247521	2.73783371485676
-0.129919070294133	0.483864491981243	2.1756655875785
1.28882788748779	0.929802752864541	1.63450119666187
0.56024703480045	0.241817344453273	1.2975675005394
1.11750642028389	0.0288289689305529	0.681571950503631
0.730573851116864	0.247408544241713	0.16045040437113
1.76543396894944	0.269740474231123	-0.124822601711338
2.97783154637987	0.176705680632681	-0.138665762784339
3.71783162708424	-0.0152751257640248	-0.261326150447551
5.98914719912047	-0.901602458430676	-0.184275009380524
5.61410810459763	-0.406642718016425	0.0663069157636717
6.48211531739214	-0.918846134455308	0.0313449779817011
8.09732320351572	-0.441988312087232	0.0210707536875723
8.89630585812294	0.790013084920429	-0.502369369268282
10.160364707682	-1.14082828320133	-0.815924600268244
9.79146313172297	-2.26823291652888	-0.950642490078105
9.7016564336559	-2.31265368992815	-0.878106485234978
11.7715387499922	-3.2206947534298	-0.70252696819776
11.8257702558401	-3.24424216287444	-1.28288047894114
12.4052524937617	-3.45771028533326	-1.06445212350743
12.9597598948099	-4.20988581338903	-1.22397103624609
13.3078838773806	-4.99841558011452	-1.24518194293827
12.9844113768568	-6.28660604101702	-1.48820684963921
13.4568529752521	-7.47221440309933	-1.42734649718756
13.7513248491425	-8.91848518190141	-1.50434467456945
12.8566333194042	-9.16004302465881	-1.45716384414393
12.603478214917	-9.97227289168436	-1.65165703707884
12.1413906562532	-11.1131233016111	-1.78995869308704
13.1275644201493	-12.5941252084224	-1.68175396524602
12.6608973896635	-14.1642864258606	-1.38549669845209
13.1609876614559	-14.8400184462523	-1.60423870230949
12.2191207012629	-15.0439972590378	-1.82930132786974
12.7205154156219	-16.7884637690429	-1.58279126070877
13.0456559004837	-18.2056808603363	-1.73074302848984
11.4500516072635	-17.8041527179085	-1.70584966700444
11.8491233594014	-19.3823073293736	-1.97807631429258
11.9535652772006	-18.8921277759001	-2.53278862945151
12.6333669945618	-17.8087954787666	-3.20287149684181
11.9524183584566	-17.8606324860391	2.8666945074105
12.0596772959196	-18.7681231317882	2.34662171698406
12.7921080106483	-18.5133167531647	2.16163451399528
12.2153490652772	-18.1010465406568	2.90173954737334
11.6208953753183	-18.439842333116	-2.86039552564081
11.2293260458732	-18.7140316510899	-3.21103392088875
10.7143066415233	-18.6187717589372	3.32062131001316
8.49233109147966	-18.9097186493027	3.05688432861783
7.8703465524696	-18.3806505337325	2.96423146604
6.340437680018	-18.1887564751242	2.80350860296188
5.48113368091902	-18.7268375288388	-2.97604108008965
5.28189498131582	-18.0807548352374	-3.02621765761718
4.36017678960923	-18.5140319381253	3.24109296711058
4.24574473401097	-19.1626955668312	3.13044545688462
2.61174445438363	-19.5242427446193	-2.88893486786645
1.72062959536751	-19.7621264669059	3.22951024051206
0.507745346577711	-18.218821993894	3.20587099976823
0.43313898160937	-19.4436761377986	-3.1856384339221
-1.53572278763897	-18.7687964379431	3.13324690428799
-2.38298644027447	-18.0599154933838	3.09804399159062
-3.43250876261713	-19.3387636691534	3.10807199244153
-4.86736825308481	-17.8375864279514	3.22838663871898
-4.87908441053212	-18.8471396562519	2.72350470169527
-4.87417881462859	-17.3650315402944	2.26208617067526
-5.99435724350278	-18.2067198714109	1.88015290443585
-5.26389383238636	-17.5265250601957	1.74165521808159
-5.43534530778061	-17.2886235334001	1.84648309175755
-5.24759202520572	-15.9493865307299	1.98429903367663
-6.04168053061798	-14.508091955216	1.73166947082413
-5.69307335514016	-14.8476566488659	1.71904910030144
-6.46418239837318	-13.2865721392173	1.61549830963741
-5.8423153411888	-11.9967471503345	1.62349455458445
-5.74098866844024	-11.5514731539407	1.53853413396181
-6.39098090558627	-9.89988580569894	1.55777904989613
-6.81153614202397	-9.8274947181335	1.54845429079214
-6.23376032000316	-8.70135405218093	1.59269014359046
-6.1288963400605	-7.37546182167207	1.87160921285627
-5.9385193893121	-6.27549792390296	1.74854379647665
-5.23410918223847	-5.24929482498926	1.57032655928657
-6.62955772782539	-4.12993469854293	1.51319330759734
-5.82695233951037	-3.4011540728578	1.81774103385966
-5.876416112214	-1.41543916379459	1.60583851049609
-6.82792771090015	-0.906212351829026	1.70241873636521
-6.23651017126881	0.224806732892916	1.56677329172381
-6.21338645752446	0.706898011286577	1.15752507266761
-6.4767045889146	0.311727425079156	0.756662512842988
-6.2150152679379	-0.115306821784884	0.312423085347665
-6.19807007321435	0.263354163676881	0.118076758350525
-5.39330989052723	-0.15593258111436	0.0386816765854057
-2.8612891260578	-0.131161786892349	0.109303848048254
-2.19527103019384	1.31932763973504	0.198477872589731
-0.208541386923021	-0.563772551983382	0.16286812268168
-1.31712711948972	0.291469110203226	0.141953695349147
-0.531947749081516	1.09055394702635	0.689749089328596
0.441312366782994	0.808518293844608	0.953146354259736
-0.0381231071439252	-0.0836129388971677	1.5566833862355
-0.980873733342835	-0.0636188705722652	2.16717579167313
-0.5821665761062	0.297244172226752	2.73988511941721
0.610522193635148	-0.057748748273425	-3.10251521551297
0.171714329107827	0.101613267469453	-2.37450487786649
-0.890324216451943	-0.00838673472753737	-2.08179967056439
0.254649674971411	0.848072280849588	-1.42129593905782
0.198631825460095	1.09471369119331	-0.925826943392526
-0.409332494324766	-0.264069129148756	-0.275867034468079
0.726958033116495	-0.141353720329625	0.147666667710079
1.33941778448687	0.829682598116498	0.0847145734100839
2.91173052332969	-0.129421738619237	-0.087801899056665
3.46455534805495	0.651852343623248	0.175560997815018
4.75778137799693	-0.705427554084616	-0.171102239226867
5.52015682974337	0.314664990915601	0.0531184015002725
6.97978536448908	-0.205765378709912	0.140673762027113
7.35857360743134	0.826941800214055	-0.176758937590164
8.27422782068299	0.0195658332144936	-0.455209267841881
9.60644243526006	-0.116197313800829	-0.685155799294175
10.6152367592938	0.205752784122753	-0.799702335719775
9.99842249515142	-1.70382550705769	-1.16909372508977
11.3747118663708	-2.96388361530924	-1.21266449576975
10.9413888012673	-3.38116860882389	-1.12409678835403
12.233524228148	-3.4601243760173	-1.3080624256174
11.4065242772609	-5.79377685199016	-1.31796914076851
12.5268609616706	-5.6077386389927	-1.25685940799564
13.9565798254523	-7.31813863326417	-1.38744592649178
13.847042422434	-7.09011938002345	-1.3012661546936
12.8913025821507	-8.58349181630191	-1.38872624355545
14.1006622186467	-10.4101643153136	-1.33976543531336
13.1500873305197	-11.8428328354812	-1.50357945565935
13.8462898900886	-12.3471202166405	-1.47816162647727
12.4922642243166	-13.571341003312	-1.88564744283905
13.7750843729013	-14.5680089952717	-1.71375272370042
11.9538875094696	-15.1640668824664	-1.58748179246638
12.1749629199361	-15.7316849916342	-1.78864123996943
12.8940287417007	-17.2722708916129	-1.67280439079551
12.3894805459819	-17.717493483303	-1.54518312283027
12.3202514212912	-18.1761873572404	-2.22406098338612
12.2392410016033	-18.7704080497306	-2.83177611069043
11.4911781434659	-18.6363788251955	-2.9674856082676
10.1536675245914	-19.2392373658809	-3.11782809845198
8.90608082644567	-17.8725910555134	-3.11010280918303
7.94082751094839	-18.5478812197289	-3.13366763699639
6.41672555564532	-19.9590456088593	-2.95491283574507
6.44109371878072	-18.352154909754	3.14720912995692
4.52982061006781	-19.8792676640827	3.17844624662454
5.4882273064037	-18.907410560554	2.99117696624217
3.85058215617693	-18.1563383371723	2.93526977111629
2.8601755239399	-18.2843882663764	-3.15590501245086
3.43199774000337	-19.2965075109027	-3.04478877678642
2.1313625256649	-19.1978951010939	-3.02664058517527
0.342602310243241	-19.2906124279239	3.20006485987971
-0.599545364539877	-18.5951793696546	3.12822443337231
0.265878106111377	-19.2752619842814	-2.76804450235062
-1.94345599571662	-19.5861353142428	3.1838700264571
-2.29719401115859	-19.7016244411127	-3.07621016566455
-3.25542322084347	-19.0920759854877	3.20594220195286
-3.77826017330749	-18.9183146193363	2.7700238740843
-4.13999882118981	-17.8395356761757	2.33402669288003
-4.33255857535668	-18.4801442690327	2.39844445023211
-5.27249204221609	-17.7766883192894	1.91907889363586
-5.50649990001076	-16.2017564962851	1.94784736260579
-5.71418796935885	-15.723834482684	2.14991113205914
-6.62051949714995	-15.0240300427421	1.68604305173052
-6.03682513980706	-13.9222563691204	1.74144911807187
-5.83765642710171	-12.415217719427	1.85734717177342
-6.39808282679376	-12.5731069649824	1.7285831351596
-6.20155296713016	-10.261978388169	1.59830515549961
-5.61103338941782	-10.344856826968	1.78629848732689
-6.52460275493408	-8.84847736434397	1.68184176677491
-6.28525045705284	-7.3724716287695	1.64344750009339
-7.70933985366046	-7.02071947852421	1.62482373067168
-7.14718520498303	-5.39835176453758	1.58059205451632
-6.0650392908232	-5.5347939038433	1.64816941191421
-7.70351711041722	-2.92294762768171	1.59355915663584
-7.24287210743189	-3.56838140199394	1.57325094210446
-6.78896235878838	-1.98274328274353	1.55077792021013
-5.97479514181956	-1.0737605453422	1.78602025195516
-7.0416876096138	-0.554627340516441	1.56717343857959
-6.70122286996432	-1.00831702656117	1.24650011629364
-7.00506253737063	0.601234016389084	0.87503382494787
-6.68779785232905	-0.164098661479089	0.401832112441603
-5.72845574825756	-0.681371995296599	0.136754363575618
-4.74609483219572	1.28545382659358	0.210019221182495
-3.55008742300145	0.159277826074095	0.0788761378684749
-2.2134565404675	0.845925807830543	-0.00556016057974409
-2.18671422186251	-0.358307949251582	-0.240674860395473
-0.732504513287614	-0.12543008237865	-0.153998969090441
0.885160110302811	-0.0904564771898162	-0.0369865850730166
2.02832115360656	-0.298355993823128	-0.0989783324512786
2.17144033013005	0.805103990053523	0.0472944911359095
3.66816675883124	0.085980208262644	0.0748155360064019
4.29143336155896	0.41119561343753	0.184026392470097
5.3595337659647	0.914811139983504	0.569257299310331
4.94016049108907	0.325417804489877	1.06520118788868
4.99357030923617	-0.245249449863671	1.48827046227181
5.29595687537686	1.55343267053124	1.66451508436966
5.51757141562844	2.25120860770366	2.0965923780588
4.84121761791642	2.84977936173283	1.95602143025358
5.11533770832226	4.03458353075842	2.25402354509608
3.82319624604741	4.2256144507827	2.81526399794806
4.43873191779451	4.57021220319652	-2.70291114888095
4.20393178771524	3.68957757567996	-2.38858426710218
5.4472736258489	3.65700485414797	-1.737248556348
4.67661217477327	4.38830693089618	-1.05872781627653
4.13559699803154	3.94663375104244	-0.502356242687039
5.18817986704803	3.26800294874038	-0.175728607338033
5.16323453914304	3.62079569269954	0.210606418479459
4.60689890013661	2.6317728227542	-0.198900012732678
4.09725508600123	4.62153947092609	-1.07563866657943
5.024035175534	3.46098166793526	-1.31556261031754
3.72738229273303	2.92237980621088	-1.34776728477543
4.44527114786364	1.44617927737543	-1.70793073839501
3.86900761082208	0.449046605735256	-1.50323024995392
4.24230270379333	0.996854958553101	-1.05830252226991
5.75921753305304	0.516489143948536	-0.62342149623912
4.13459681115238	-0.0758667402649921	0.0551437494990417
5.39511160253408	1.28860187846497	0.557833861107376
4.7569333289186	-0.361675804138446	0.859030390350463
4.24468674274466	0.472941839813229	1.49394468145907
4.15002285715852	0.865638347707187	2.13422892809025
4.17488115757071	0.699606333511105	2.59252661162112
5.22890703517889	0.0881740934996912	3.22792505876312
4.06695739132958	-0.374713873509306	-2.61749343190581
4.67647732396162	-0.605080647075035	-2.02810458924028
5.25247345959301	-0.0122795681715999	-1.60681299985964
5.63378092248522	0.896027486907846	-1.02390644682547
5.2153099731261	0.574911323139081	-0.378563232216146
5.15103704785536	1.23079777403449	-0.423880094014419
5.93143354944464	-0.787071171981498	-0.324839668111709
7.45798693135256	0.381883132726355	-0.620589118620977
7.46037745060221	-0.859631745288236	-1.20729914807897
6.69507643625331	-0.954628412722293	-1.41037298151155
6.87682782471988	-1.36815961120648	-1.50720518087301
7.36734437959748	-1.1656790657313	-2.02981057692864
6.1709755619116	-2.32205968826265	-2.41236780379383
6.64057495811453	-1.87616925823796	-3.14714741639619
6.4771835760455	-2.34610286180663	2.94136422379555
6.43200447864028	-3.39761794721677	2.1653122241874
7.47203352054818	-1.91290391087894	1.819965943093
7.12520278958641	-2.52156478208116	1.30849358905509
7.38926405900091	-2.18524616758388	0.843575208394455
6.38178510334204	-1.95807982094232	0.218452122042839
7.61317714230532	-1.3225672626424	0.12406670617494
6.18850963816463	-1.65187418227955	0.637576400910817
7.87968296182104	-2.36433808645296	0.98828082338694
8.08067796680052	-1.89948440932947	1.66867890292906
7.47716451448776	-0.407079202687201	2.01679843974887
6.58126506102344	-0.32024477358163	1.30595376912891
7.70940801343136	0.959298913439345	1.14172131838596
7.83386346589218	0.828584999138101	0.239267805014131
8.52222520345059	0.756902498070565	-0.116821691654025
8.17550933714501	-0.637275997999131	-0.517199674726234
8.49194365930456	-0.936331433955507	-0.535923963902503
9.98236102594852	-1.68359419345936	-0.300128930785185
9.53067996895371	0.112165583331483	0.394964476341078
10.0161645134617	0.156774723983325	0.712230390206245
10.9450124399902	-0.682205690393397	0.838332244025185
11.5305152156686	1.25778305121417	1.44785108464001
11.4616366485445	0.419332408014108	2.0388615465515
10.853251544432	0.686868492859564	2.72696281048254
10.3274714992194	0.101140042299503	3.08482876289161
11.903459004711	1.20249366306565	-2.69792486469561
10.9843868276392	0.939100815552336	-2.17364994580096
12.0706969335769	0.937308205099611	-1.73677730469618
10.6544924881807	0.56849654288609	-1.32143977606947
11.6720181833379	1.44535108928994	-0.411268761794862
11.4482161422457	-0.0830505180032656	-0.551611659263292
12.6129917237013	-0.379010781972137	-0.698375301784897
13.1516531373554	-0.572897229758329	-0.155204349209555
13.4188341006286	0.253281448883496	0.340614651873132
12.2743780442234	0.43940725898674	1.21031748070742
12.4387752749936	-0.629709194623496	1.50077289928471
13.2871493035844	-1.25626679855267	1.93656619975997
13.145506188617	-0.639019448819675	2.59214655313145
12.3968370784007	-0.722101750383136	3.35842369537067
12.8636776522139	0.261513410767389	-2.68774204592733
13.6650225043308	-0.708153798221209	-2.0839853305678
11.9889799047632	-1.67353947541788	-2.13751695433652
10.5346762979332	-1.94645553256016	-2.4879558303831
9.81190217101113	-2.89911941964426	-2.14303632486256
9.94538974757261	-2.01039849866038	-1.64657332039838
11.2852634385092	-1.64028498670382	-1.16562533585976
11.0778460880722	-2.87026606568038	-1.06674468456793
11.2479104619774	-3.16961049136313	-1.59487309513801
11.5795930073469	-3.54709601801939	-2.09144978118149
10.4042031024992	-3.67801453646919	-2.66438135879985
10.5730392122162	-3.20421721825028	-2.683807386133
9.22061596400247	-4.24800560453982	-2.522669849609
8.91316410225827	-4.86487137103479	-2.97646250309492
8.34597630160338	-5.30456984170533	-2.81923001560712
7.88951921808899	-4.33079306162202	-2.1651830034115
7.77142694223458	-4.78877879752374	-1.58208293231781
8.76743181359725	-4.69037365265631	-1.18756946075823
8.38732415246411	-3.6131367292188	-0.674204299925181
8.61907193657933	-4.64612900166238	-0.0597314586480505
8.74668450897487	-3.84071483243156	0.0651383396958499
10.0560162860701	-4.22498965087314	-0.106100661675176
10.0675955258407	-5.22738992516108	-0.760394793870746
9.15586796385328	-3.8557817501862	-1.16923295199346
10.8787939885547	-5.80720688468758	-1.37657527703648
9.66091260698735	-6.64164062809767	-1.65239079129763
9.5752840079414	-8.22391992415817	-1.69492818688136
9.56410604682326	-7.8779579165844	-2.54654877380621
8.80193627752369	-7.26300042971219	-2.86239678031298
10.2509828654876	-7.00074944679367	2.82155136299874
9.47612729236834	-7.79929710196816	2.18281607764908
10.3636534446776	-7.75718835591083	1.76649875338323
10.5771680651054	-7.47010874395327	1.23601273134773
10.7829969035193	-7.45375048900237	0.831360443266524
9.39737943339201	-7.67667809102819	0.853429849615932
9.50937991857406	-6.94412104378781	1.35031117624744
10.1505468238097	-7.32096758830885	1.31870511311165
10.2131178588162	-5.46658480500469	1.56787512964643
10.545182200497	-4.65798120500354	1.09264182640726
9.60098838913892	-6.08565247398844	0.649973265746987
10.9454852531231	-5.16643926373113	0.0258787283990378
11.5725883291075	-5.66138465553608	0.174404009929839
11.8151329191258	-4.82591129899231	-0.397818867249208
11.474949453913	-5.34812449272107	-0.70077675216295
12.069802334531	-5.21855373412685	-1.40304254824203
12.235588613119	-5.84222728299472	-1.61742307085907
11.8295930814237	-5.62053923377677	-1.14755957337766
13.1565606623131	-6.75445869764766	-0.536242371826993
12.0973366605023	-6.50153084776925	0.0297643717398469
12.9029164160179	-7.15740556246953	-0.186233442773054
14.0893091516608	-6.8838265040073	-0.198604790124632
15.4960043480978	-6.99007778955565	-0.309433471529972
15.518243395368	-6.91638812360072	-0.781451315149148
15.2390625579926	-7.03055391629556	-1.13641662418766
15.7814862824037	-5.62960808131848	-1.68897344945572
15.7555156348669	-7.44916122609563	-2.36261336654294
15.3811792842087	-6.85401093723827	-2.80547836606813
15.1225130093843	-7.03663259090587	2.97503747193068
16.3886632293617	-6.89629645770085	2.55251454996878
15.677582530552	-6.43560725935797	1.98930090511836
15.0432197360057	-5.91136413806738	1.43882113370969
15.5415237453852	-6.95003082744454	1.45233416612643
15.8920176164003	-5.85180218921821	1.88441156488402
15.8583678974656	-6.85280082478852	2.41098246109314
14.8212450739474	-7.0078587423797	2.67367463530619
15.9858663573914	-5.87853925746106	2.8419442233328
13.8857136670401	-6.22320125935616	3.08009047601562
12.0068915165275	-5.57634272148134	3.03972205289419
11.9498605534522	-6.23430147177151	-2.96071108868552
12.136003246079	-5.4816330672567	-2.38416081964223
12.3461795605428	-6.0847161468692	-1.67671571585188
12.4323125990361	-8.3328209733633	-1.40702409499363
12.6093432908567	-9.01026077564218	-1.33376534039793
11.7572686016358	-8.96230258367641	-1.47862919442144
13.7018524664699	-9.83632958658664	-1.63573934866612
13.3406751801691	-11.7023574131396	-1.21929929966274
13.0644029431955	-12.3749001570121	-1.38257911418174
13.3158991868586	-13.5011732376544	-1.47101035471754
13.4646770381526	-12.600887348311	-1.04912162347402
13.4546368429225	-14.0851158023732	-0.416975231750164
13.6795480329037	-12.5700742061207	-0.127104075127404
14.9354498391538	-13.7574272846685	-0.300722965786094
14.8484560029557	-12.8365471306344	-0.14025142200549
17.8380994920247	-13.9679310281897	0.275447791476635
15.1145063311671	-12.6157494597659	0.537570049026565
15.6458336556073	-14.3831961403387	1.0785100364908
16.7421958890375	-13.8442867614599	1.7036921028062
16.6188241957869	-13.2296570701362	2.21068285069565
15.5633479070794	-14.1871315505996	2.96140820009273
15.3549508770713	-13.4311196628052	2.97936935605547
14.1810390026381	-12.5312222636015	2.98488500118002
12.7946905178488	-13.9561853148019	3.25478118175576
13.6316929952744	-12.9509984721404	-2.67661082026213
13.007883655994	-13.3934886485674	-2.21684226641304
13.8902228058459	-13.7103734231822	-1.63467192882666
13.1375732650416	-13.8703598285388	-1.4242140935387
12.7469691657872	-14.2436909616719	-1.56222786337832
12.3805208980505	-17.0168937066642	-1.72632522309167
11.7566534868797	-16.637679567475	-1.85192615251026
12.8120123946206	-17.850080078316	-1.74354397774149
11.4440116132972	-19.8985768172104	-2.09732197866348
12.3088887286997	-19.2732313518088	-1.29811403876179
12.0032716507591	-18.5425980426493	-0.935958285199917
12.7375915007885	-19.8297875543106	-0.287748039345963
12.9888863827477	-19.101137594025	-0.174623355112467
14.6147435768337	-18.8068899951163	-0.315546656039901
14.934113492371	-19.1239247898907	-0.29501785723303
15.8550848012691	-19.298254761455	0.041723024949917
16.3059218634726	-19.6079712190438	0.302260590817078
16.921152607121	-19.5419850472666	0.746110417367711
16.7064655500736	-19.9674771669579	1.5711660850596
15.8729244543017	-19.3472064840404	1.97027952019143
16.8509871621815	-19.2637143602152	2.30853655390371
16.5696404440154	-19.8321304317485	3.11816920692096
15.6385312506574	-19.2758211990451	-2.59632346389186
17.4239917805081	-19.6892484487793	-2.37380749897748
17.0280389349146	-20.7140383996099	-1.75691191512477
16.1964027779477	-19.2859632188587	-1.34217599618276
16.5538530343831	-19.2966596867736	-1.46198979408969
15.6124289524687	-19.5129436937863	-2.18813076700056
15.3887928541145	-20.1247203440171	-2.64145512305788
16.3694315609386	-19.534413296998	3.1448105720177
15.4533509209228	-19.1472716242731	2.93030995397193
14.2030336374167	-18.5002067086047	3.09598737112529
12.2341528848903	-19.3697600360867	3.30944712594369
13.5836466960109	-18.1833470949452	2.50651323037894
13.4901078934186	-18.9622591525197	2.06444393285291
13.9198951010489	-18.1207440659672	2.96212407296612
12.9178592589193	-19.8508021325151	-2.95240242791272
12.2713005275126	-19.1381977936099	3.2159485403793
10.9142708408325	-19.5196557908891	3.01935057415002
11.486033694095	-18.6694821619389	-2.92403041720486
10.8956662405488	-18.5580429313255	-2.1837814207496
10.494366646482	-19.2455165741455	-1.43374531565313
11.6606724643608	-20.6975739603307	-1.58839792534315
11.924343054919	-20.8505163860777	-1.61425613961603
11.8851088026125	-21.4619813749495	-1.74437158282847
11.0564870268296	-21.0814696342197	-1.01168582121122
11.2187303099212	-20.8574016412285	-0.604996835351627
12.0997714851478	-21.2184429944543	-0.15568334862293
12.7521576678555	-20.4853764353141	0.274785818688956
10.930070919549	-22.0382688057798	0.946922159395745
10.8126456818206	-20.6538616132452	1.37987671186024
11.7535832615839	-21.0959691525373	1.91826340237684
11.4942225573682	-21.0462850061005	2.26411029160254
11.9303054690011	-20.655188464113	2.02694006359004
11.0457096278695	-19.3529169276662	1.93324849025004
9.202134088016	-18.3594975851522	2.54093952056727
9.49223234574445	-19.3866048569305	3.07056199152462
8.18973607044268	-17.7619377981669	-3.08904724159741
7.85641535435807	-18.8266211076864	-2.99282251672924
7.52122635151894	-19.8846291397262	-2.76489170868478
6.06054571290374	-19.6578943881265	-3.01156977766359
4.60401436568767	-18.3481832555623	-2.59441702603089
6.23984014331429	-18.4014462332481	-2.03989835490483
5.31091787186586	-20.6988634885737	-1.67076530673647
5.50779422863822	-21.1925397344463	-1.68504997423296
4.91021909807217	-22.4584610532257	-1.33839720818776
5.97542478232442	-21.781654438302	-0.818336597814152
5.23049728944768	-21.1212044167669	-0.395284806593377
5.70907190276515	-21.8301281104537	0.207737530934297
4.59817199051451	-20.5229500551321	0.752740456025106
5.11011699918816	-22.4185233173091	1.29176051746693
4.98629686460007	-21.7751821326167	1.82722124504879
5.56242935617121	-20.4531758815158	1.88920883526833
4.26553839199816	-19.4066178128535	1.9094301226013
4.40732436189724	-18.9994651580498	1.92701966354444
4.48635085602951	-19.2023463363899	2.42185458729929
5.55341646334125	-19.3842032162206	3.10185431995778
3.62212978639588	-19.411566113807	2.91191253187945
4.1318168939204	-19.1648406471861	-2.83421929421859
4.39836021986585	-19.262151105145	-2.04229328220553
3.6625639835091	-18.5593516265779	-1.77922167872868
4.43029474962179	-19.1960095978476	-1.4723784353469
3.15524119452098	-20.9890114551767	-1.90299905852914
4.1690360627358	-21.5105510881042	-1.8553918764075
3.61233382649388	-21.4186923829003	-1.99336799389096
3.79506621341871	-21.3767481280725	-2.24314868661399
4.01103668065316	-21.1346655499677	-2.82715351343292
4.06184636602896	-21.5078653116968	3.0082477560503
4.52921306122335	-22.1005725307232	2.48582961252085
2.92753890846284	-21.2005873582899	1.86117151514096
3.60251675810715	-20.9546097207882	1.68476633258177
3.66997778392721	-20.1949872893618	1.56420965839999
2.87110720499997	-19.0387008743492	2.15131425796695
3.29215943240497	-19.0969825315772	2.42115119980258
4.50251441823792	-18.6191175965247	3.115970969973
2.39092307537338	-19.5551236944459	-2.95177845623341
1.17730880016586	-19.6384240879612	3.38023748834851
0.439584779581014	-18.8811626142076	2.99559590627846
0.17711579806203	-19.6078696199597	3.27228176312886
-1.04399474447539	-19.1231629402033	3.12311548150962
-2.00589442147527	-19.5869848640814	-3.05237708123542
-2.55452107363759	-18.3040906812251	-2.5695178000092
-1.22695832110133	-18.212566923985	-1.96564129829525
-1.94192636881297	-19.4879553158038	-1.41312223719681
-1.20931757670099	-20.165019162374	-1.01136281853184
-1.03228802320851	-21.4783540543693	-1.52551551003508
-1.39692144803685	-22.9097285970721	-1.37452550295597
-1.31936906904577	-21.7397595654912	-0.969816308111496
-1.06593611377834	-21.8272121437249	-0.515761767685318
-0.596896211204548	-22.5666859051715	-0.0817199568180764
-1.31516648236873	-23.1419956312523	0.400977967284143
-0.733337787548224	-21.7551854918348	1.1901120723907
-0.160276100237891	-22.0168480801657	1.63973969158477
-1.26981833550858	-20.6277903699244	1.64279736047081
-1.60887560826647	-19.4451713750699	2.06100811648465
-2.3275259929086	-18.8237530312081	1.80965780819307
-2.07295291602571	-17.9742812830421	2.38415794737378
-3.42431233752612	-19.5251154854834	2.85267876686829
-3.0553183214977	-18.4676108487999	-2.86734478867046
-4.34476145600585	-18.8351402950093	-2.48451946277503
-3.36350803534841	-19.9005528427465	-1.8718759868006
-3.34329528404438	-20.0737357277294	-1.55963373231908
-3.48889596268089	-20.7339907658682	-1.5526709889423
-2.72402828497939	-21.431980980066	-1.66162174801118
-4.07507943635123	-22.5303684875934	-1.70687327465177
-2.91641745422486	-21.9648742883975	-2.17420705306123
-4.06339337213443	-21.0793667393316	-2.70897497121243
-3.53792498211367	-21.98507282022	3.02004183046137
-3.30614101501142	-21.7848085930502	2.54940626453834
-2.53414369530126	-21.7808589795609	1.9864373936846
-3.44223438627747	-20.1730499185745	1.72206146720721
-3.73152488508356	-19.1107099262789	2.05251538556931
-3.35477460373946	-19.1312472910811	2.61642056418522
-4.54082192485108	-19.2264551315843	3.14301604950729
-4.6808819711926	-19.1381759879342	-2.51302112628819
-4.73976867624081	-19.2681048097124	-2.62659059378784
-5.96941560613342	-20.0338210862976	-2.69152353280907
-7.1007063160137	-20.5047933221713	-2.62925191273594
-8.24710882772977	-21.2398718063558	-2.32505001439239
-6.89995676155601	-19.9857859411696	-1.75336750803471
-7.11600379259473	-21.4679007652699	-0.978986831949261
-7.56827767961741	-20.2639082076301	-0.579776663333692
-7.720527910302	-20.7106700926896	-0.104280619674437
-7.0514249081621	-20.5567957230877	0.394871961803829
-7.18621420272843	-20.3738667483209	0.799028355260281
-7.49594688043131	-21.0711130388489	1.41203447057042
-7.45147211746004	-20.4443516761294	1.24214454404787
-7.51532718653655	-20.2791169094412	0.696615315824616
-6.37607196246419	-20.3971325377421	0.83237052648816
-6.53265994590784	-19.2152691028469	0.876994088021947
-4.73164599082526	-18.1109525679133	0.596939458380258
-4.73821146424721	-17.1110568809297	0.909969250407459
-4.77493433747618	-17.184858213981	0.618592769294745
-3.72738044596635	-17.0158969550273	0.0873248964136832
-2.91248492577939	-17.3322044778081	-0.250087734652362
-3.86709080901684	-17.1095511619659	-0.800848962063882
-2.36060652193776	-17.3554656474124	-1.45630433166647
-3.830533016397	-17.9409538461392	-1.75569955882464
-3.72601557601908	-17.5262594824401	-2.52789516898388
-3.7808231160526	-17.3136781835358	-2.74939614866877
-3.62462988674875	-16.2094268009798	3.17661901752012
-6.24780468226493	-18.6536557028784	-3.02529705403967
-6.79195460324431	-17.2131349464152	-3.10868381819572
-8.23562617351543	-17.5561171358914	3.11229738941268
-9.2884477007795	-17.2726964201205	3.34117257043607
-8.67765957530174	-16.9599886757189	-2.56735279412646
-9.60356658049282	-17.905512140441	-2.03887432169531
-8.54290816351856	-17.8931842745959	-1.42837910288492
-8.61439519763776	-17.4849816763957	-1.1552976959256
-8.06587028244849	-17.9710441466505	-0.527912668659804
-8.30825527307224	-16.6101709333101	-0.0647795947462228
-7.16618036731144	-17.4209111552759	0.276046707112345
-7.01131502978813	-17.5995400953382	0.230471321018512
-6.34008591605509	-17.5834314916492	0.181571149154985
-5.7198260876113	-16.1576062232909	0.789068785235926
-5.78129927945314	-16.4580552279978	1.07050395784908
-5.21056574702656	-16.2563298877301	1.60750190563949
-5.78030152349189	-15.6970514775608	2.16683419017734
-4.99968892309553	-15.5496668854976	2.66269524971855
-5.66160261355725	-14.554390104969	3.12657233911693
-7.12041694493068	-14.9325302723078	3.08193006732976
-7.51560268868565	-15.0543513163324	2.59858399648372
-7.25257548773112	-15.6070185879085	2.07226924182857
-6.51946007791991	-15.2146208238679	1.50615076433226
-6.94457309307063	-16.5704279949306	1.24967908341568
-6.5688060333619	-15.2790604338588	0.714629527124445
-6.12113735300677	-16.1532417448349	0.149124805855266
-5.98131561433124	-15.3002045138834	-0.0904899244060059
-5.3507039087992	-15.1097279450328	0.542470222717991
-5.68567502282833	-15.3843787297463	0.8798094959298
-5.2348003264256	-15.1658027556465	1.57893075412406
-6.66133067929918	-14.3941592898124	1.8870182232205
-5.41085317565636	-13.986081954325	1.79501152848967
-6.60134220646952	-13.5246023114037	1.58510139961481
-6.07791032139307	-12.0215803787402	1.73295074079827
-6.05363400019057	-11.2925869499771	1.78979320106378
-7.07580842660085	-9.90653736008599	1.76724457850128
-6.02217244463058	-10.3857657072168	2.34513917300587
-6.39237695274207	-9.65026651364855	2.75878141886261
-6.41682122359325	-9.58127067613063	3.209280427077
-7.12526143867796	-10.2279926809796	-2.55991238284124
-7.20461038813578	-9.51778278983445	-2.00466950366113
-7.5066370910577	-10.249794215629	-1.40153367059185
-6.28226721928184	-9.47023528044385	-0.957182477968082
-6.26452908893855	-9.31629211388332	-0.474671078958028
-7.42384798540054	-9.42514230889218	-0.09448763670703
-6.13718878373067	-9.48600916388849	0.194069942653753
-5.25648944898094	-8.71113707289381	0.802893590008048
-5.88848553927598	-8.59677312724897	1.38413102492695
-5.61201951170637	-8.53714964548857	1.59976831982314
-7.13526384515481	-7.89721417939573	2.29267314082234
-6.42161253095617	-8.21960014847504	2.82045544932762
-6.40819649510513	-8.78694284930907	-2.82464769811037
-8.02596397146976	-7.66501584891749	-2.89247506099214
-7.73220284166295	-8.77142087267275	2.72126622480277
-8.85969963843391	-8.93615784116015	2.35574955046762
-8.97435294219743	-8.13242588319785	2.19960366494707
-9.36731433989207	-7.71276366171565	1.69890926456903
-9.21748220710301	-7.98472753567778	1.41517689107181
-7.94778154713826	-7.99733589577767	0.853614355944719
-7.96502393796133	-6.94919277956404	0.157438960376443
-9.19608697005547	-7.87852300055942	-0.353268074472053
-8.28232118979367	-8.81028597693662	-0.578354044801497
-8.25281664574623	-7.74832220587519	-0.128036965122649
-7.44151484073622	-8.16532546514905	0.0951161610131215
-7.41011855242691	-7.69705895230478	0.683704571990989
-6.28760876960051	-8.56615892364615	1.4099626947967
-5.90393262914609	-6.21433054572811	1.57035303598667
-6.46346270967769	-5.87059866101906	1.69922836078062
-6.83816078622492	-6.20032395919901	2.03398538178866
-6.80515250546588	-4.80517551350551	1.62604096694515
-7.17925978292676	-3.20372743282694	1.84042816983037
-7.78190106331295	-2.24313705544271	2.18647269690574
-7.18678927336072	-2.08050890676609	2.91561337757113
-7.82031755753133	-2.0780718491461	2.99715445353196
-8.85604069232963	-1.17181540139733	3.02112542890962
-9.22719792250215	-2.60073275493491	-2.63338159520104
-9.23831830598969	-2.42525078665967	-2.26670057461757
-8.84908787460131	-2.39894587703569	-1.67383427500721
-8.67235145819085	-2.67749207368437	-1.05192415019353
-8.05906838392041	-3.12441402247917	-0.54381792220125
-10.1381291534765	-3.00973511846952	-0.139569044099459
-9.19035671226052	-3.04246073694344	0.616097425428399
-8.82476420780941	-2.45952646994204	1.01072588377542
-8.58164553294011	-3.04359641614125	0.584183743408985
-9.32216524331164	-3.63078626915008	0.12255790650483
-7.87628305189065	-2.8912078345635	-0.00367194318671615
-6.38434693783695	-1.77642101149536	0.381940729497554
-7.93034783754852	-1.40125883274323	0.995140219728843
-7.3240692336928	-2.07110444826794	1.33954684031717
-7.36710072705857	-0.937718624603586	1.45666445439846
-7.08288993732846	-1.05394955749776	1.66688670884946
-6.7740821646933	1.32753415412506	1.63740415051499
-6.71225235123783	1.40903270481918	1.40674163949637
-7.73934677179074	1.93434610742905	1.69716559902686
-7.43498928477387	3.05654723944329	1.78193455435207
-7.23059791047535	3.35743535488655	2.53588926687407
-7.05755035629128	3.06987211981242	2.88967357824112
-7.06276652816411	2.67990897387287	-2.78793161079191
-7.45618754294429	3.52276471922618	-2.2993244778167
-7.17840426600818	3.91816470494098	-1.66258740457884
-7.10348808485492	3.21791835156443	-0.895525142848912
-5.98133614105756	2.1297457274628	-0.505592659224321
-7.15560075864654	2.93790452431351	0.0983161323720967
-7.89317123575466	2.68824931650632	-0.24236599821522
-6.84978844866582	3.21427143329052	-0.684236678620593
-6.54637792910263	2.89550784342099	-1.16845645919736
-7.35417152121857	1.61951617429776	-1.63541115088424
-7.44950824601598	1.4913885634109	-1.58917142385543
-5.88166652671902	-0.333002068929374	-1.72329850703953
-7.44491922747054	-1.37464064404932	-0.971361326820491
-6.64427617154709	-0.23793582412299	-0.526011713479146
-7.79803167371802	-0.170795498103349	-0.107771058621623
-6.58191692509507	-1.07302487244729	0.136582498836982
-5.29859648496992	0.196037445570409	0.0201287087176228
-4.35895043869429	-0.43428856936501	0.0346037413245428
-2.59378658088286	0.613335496952564	-0.0457522186381285
-1.9296676642119	0.294563239386544	0.168857147089699
-2.28904615124276	-0.0956141545470645	0.41589100265353
-1.41813775547028	0.192688712822039	0.875679827236206
-1.91394115638801	0.258849724981005	1.25130430132147
-1.93441780181264	0.859188926494583	1.42493798284889
-1.11718983853271	2.0422850610918	1.69256958374246
-1.65325755711923	3.13144915631519	1.57593618078018
-1.39994064670969	3.8189258769142	2.23093172653813
-1.77755164686488	3.76241597361537	2.5956282296251
-1.8673451440952	3.08783898985966	-2.88002299459808
-1.34061411780939	3.32240144702285	-2.38828596864741
-2.21208748920267	3.10615988072856	-1.80444770226966
-0.918302222313101	3.12074749349166	-1.09833214928017
-1.14811527579627	3.33543877921368	-0.789536884606939
-0.817644504880731	2.86918460496054	-0.146557477087459
-2.16719774640308	2.7902619229928	0.071497795817331
-1.88331576921569	3.48543058712686	-0.237053714709091
-1.42191617293356	2.51793008963415	-0.996762626172513
-1.06806612497362	2.80586392779005	-1.42518801212978
-0.736534291711776	1.80434952277525	-1.53417248874893
-1.34038856389793	1.887311567437	-1.21449939832085
-1.19959075620563	1.51624750663461	-1.52988103139038
-1.10945523473499	0.881333580536794	-1.72125801149713
-0.400682974559571	-0.138359517545984	-1.52581800920317
-1.62796976868145	-0.0246932472702234	-0.958943867886738
-1.53131056745408	-1.08125888874342	-0.433556796417074
-1.11210299311576	-0.742022618684705	0.15373380288702
-1.76131284779206	-1.24442252251475	0.80037438077225
-1.39615669196196	-0.884490370774687	1.20101942029835
-2.34049979265201	-0.265374486267457	1.90087691345731
-1.67247426107568	-0.344468832817893	2.26533294635134
-2.26937054461464	-0.371796139381902	2.76789887376603
-2.46427797455142	0.39163821364665	2.65371683378841
-5.43834322663899	-0.722642171023705	3.17749657924214
-5.29827072263134	0.269757744722053	-2.54904628450076
-3.65038155434475	-0.593175746256508	-2.3824219763955
-4.93650837718021	-0.407085233120439	-1.99101160541742
-6.98072955521048	-1.39213349067908	-1.94779743213925
-6.56781818827446	-2.65564671949171	-2.03638085089927
-6.21364572540568	-3.55526627827798	-2.07051415272049
-5.96842864222343	-3.1903196340281	-1.74327541187589
-5.90271837685904	-4.19708052748894	-1.42359582144748
-5.3780851307377	-5.09329051958655	-1.43647772662008
-5.78636182163991	-5.87551286034808	-1.37828843094851
-6.407599365147	-8.46093689027424	-1.67833479802315
-5.69754208677894	-8.67468929160362	-1.61146108650026
-6.06264874901203	-10.2235770391545	-1.46962504239858
-6.61391377612907	-9.17431201202117	-1.10947602529629
-5.58782043751836	-10.1325729399815	-1.34575590270823
-5.50431634348849	-11.5095290219358	-1.442012249202
-6.27894881239345	-11.9139028962436	-1.78232716781207
-6.73184356998413	-14.0464695391965	-1.94009768208713
-5.96957576913451	-13.8329014057425	-1.49896188594201
-5.23764962525489	-15.3959567187784	-1.1878604274876
-5.5366253023289	-15.8542319059909	-1.30461106840824
-4.96664609529319	-16.8070392943697	-1.1766127453504
-4.72493802564537	-18.6499333049611	-1.4250517547065
-4.32456412695616	-18.5049678970152	-1.57089950638651
-3.91561358106355	-19.5009632034275	-0.845010025772955
-4.32936362287335	-19.4506525681908	-0.373364318997038
-4.34387842662357	-19.6138872567507	0.0540857419858933
-3.26469494699654	-20.0567405216221	0.079066885516095
-2.16285221583345	-19.4457761872665	-0.0562522542695859
-2.41990047237264	-18.5693365281087	-0.00384990795419862
0.322413272923296	-18.8422408332167	0.047850706715295
0.726285997940114	-19.3575260841947	-0.00802115017277516
1.38387945630118	-19.5423470399634	0.144131339261726
2.32271336374191	-19.1944749658661	0.238943148987537
3.24880532843654	-18.8610800539782	0.13240440497383
5.59387902030611	-19.1456179167871	-0.286564245770696
5.03042473464777	-18.8668165658683	0.0998924775873114
6.25353141644084	-19.1108586644736	0.0863576429326495
6.71079482769249	-18.3449659863331	-0.214221239903725
8.16005189872195	-18.6862633883255	-0.254307959910319
8.88756274010927	-18.6893532618407	-0.15314178638883
10.1993143293914	-18.7954818140956	-0.0655401425661708
11.2368103809963	-19.3797287634771	0.0312571194414184
11.7176922210296	-19.4213341117163	0.0835038288872802
13.0300046890683	-19.4484745692805	0.23653680773842
13.4135533782084	-17.9469822375353	1.03778991749289
12.939443493798	-18.436249333784	1.38624135612082
13.3422609755204	-18.221292363594	1.80403718444727
11.9722466739931	-17.9383267058535	1.63024948503652
13.1737218538056	-16.7936764011103	1.59655975315272
13.0190511541845	-15.0369754244788	1.50227889073129
12.9375362228105	-14.5238963975555	1.4368881902691
12.7740751426459	-13.4783546690741	1.48053873876521
12.6758949919051	-12.2755784413066	1.62394759941642
12.4647460737017	-11.440498889461	1.8722416102727
12.8916756478858	-10.3413106305478	1.71755463280416
12.6970161320485	-9.73705632578247	1.7657868444493
11.9318973938099	-8.21521014197424	1.86868072611955
12.3362659385932	-7.38789351585138	1.89596404347369
11.2888881792846	-6.58561522865929	1.81148416615493
11.5684849587783	-4.2067922579713	1.84570050598572
11.0136827230801	-3.80146370722544	1.77716192984296
10.8483622036	-3.38198006779105	1.97679138100696
10.555838512399	-2.99969327668785	2.40776318801014
9.7540150429338	-2.61404196957332	2.69318469852682
8.61022879930623	-1.37506478533415	2.45591943449559
9.10166131234344	0.416468945426964	2.32889965614022
7.74381975716096	0.112426925325491	2.2984105361609
7.68882623587631	1.12564894627942	2.54066308030586
6.67482023210193	0.958571352495247	3.06033065350666
6.69638749161967	1.2015572218282	-2.92969292986785
5.68496833809465	-0.0428236836191037	-3.11008281126613
4.25377700982615	0.562443011189119	3.03652575255649
2.88633571519034	1.2092117097417	-3.14853303199339
3.59875977829724	-0.139902355515202	-3.0402252529642
2.08661819354286	-1.17554768331288	-2.90873729492438
0.759468087995253	-0.389671603316103	-3.13153754501737
-1.16866050646114	-0.144677044625739	-2.86600571019113
-2.04303348852026	-0.14756588386711	-2.7327925041966
-1.56888511677253	-0.132089970706494	-2.35233885422689
-1.89445901637343	-0.853838197347184	-1.77549069343366
-1.67904190328396	-0.308575679706933	-1.44521447414507
-1.44175840012749	-2.52252784547997	-1.55777649721623
-1.27328856328004	-3.53044993976934	-1.72213300891289
-1.74160675084073	-3.17846571302928	-2.11865806042456
-1.0623485596348	-3.370879127218	-2.81466241985951
-0.480070417192897	-3.68266908873914	-3.11852600514494
-2.2576340890839	-3.92180957996899	2.93094096274391
-4.04216702757187	-4.05155383213471	-2.65071850060584
-2.30380432290018	-2.81215338641941	-2.20195864415585
-2.93592136312072	-4.01757075803229	-1.81595425412751
-3.21923179175614	-4.01175476683791	-1.07364417968252
-2.91795438674017	-3.62542598981392	-0.657685387672735
-3.67951503518934	-3.3467846081399	0.0276497668330634
-3.39374600372422	-2.7123875679668	0.398318538487099
-3.21283070702967	-3.13371723188781	1.08719922847836
-3.17779719888883	-2.95484478613548	1.40032942505173
-3.70418522099074	-3.11587387052616	1.27327350479938
-2.98779149711451	-3.35657656030213	0.751562116050241
-3.10644104025737	-3.80925288531912	0.12107980741543
-1.41389705976196	-4.1055705713898	0.113863693083251
-0.438302543274894	-4.2628901045378	0.0538984873880292
0.802141311306002	-3.34927041858374	0.0421942100889717
0.88106657788687	-2.60517407407176	0.584386704419877
0.460243064507552	-2.90580974624066	1.10611215578444
0.0206539719542722	-2.6324204430319	1.56952057721534
0.791325868586947	-3.93030896596971	2.2312873258506
-0.400592623841043	-3.56158217735415	2.52269508825344
0.64854812999292	-3.22627773022162	-3.01473181749572
-0.205766171747123	-2.24817297078604	-2.57550793955054
0.122972980041749	-3.23862189121044	-1.8589933209429
-0.542264938661722	-3.50137311899283	-1.4404787094285
-0.200198298585658	-5.27106746328139	-1.5789443696617
-0.0640149894700413	-5.13622573257307	-2.21770626145925
-0.118780073423829	-4.83281989371124	-2.68774955854699
-0.116858322063866	-5.02283056287204	-3.02499852380148
-0.537109327434717	-6.30257591228834	-2.49110048212963
-1.88093505988251	-5.28766739366514	-2.26524201800458
-1.46816388420765	-4.66182467406136	-1.94105716565528
-1.64452379377501	-5.10043837860687	-2.18570184928312
-1.12558864382846	-6.0572293388392	-2.34668459088501
-1.7286996511133	-6.231690969001	-2.92379462342654
-2.72120890952183	-6.46225849363242	-2.9257884845096
-3.12305704428644	-5.62378247447884	-2.49948254934076
-2.40751857646245	-4.95434895838445	-2.16000294121389
-4.24057807660658	-7.36398111745483	-1.75512401147797
-3.29622112026721	-7.89125755492012	-2.34306359905773
-4.24983544640759	-8.519835126766	-1.90495166646616
-4.05119230523173	-7.27351217371401	-1.26609551206639
-3.54190454984591	-7.75033457178364	-0.905509516713699
-3.11661701435992	-7.41683209126374	-0.298414097470573
-3.91987516339218	-8.02338681178249	0.0987186977223536
-3.30801878329631	-7.99768028173254	0.713774918073583
-2.78175474032432	-6.40042321539361	1.20412391788817
-3.71571495572266	-5.45291273739401	0.617761856016838
-2.66973553624472	-5.78072205101449	0.334383368926569
-0.618289261285708	-5.43256978559868	0.170601435600233
-1.83181969853328	-4.79055661674006	-0.321158149286848
-1.43321228883251	-5.24199947215968	-0.965659805572201
-0.976513912498484	-4.91657752070486	-1.32536496143181
-0.711931527338391	-5.55063010611628	-1.67024681409786
-2.034206068763	-7.32342884406635	-1.27393197197676
-1.56408147677942	-7.68884895027264	-1.18544523308621
-1.62462716634515	-8.40890759415481	-1.61719446500721
-1.85359691683484	-8.76098830463565	-1.57566995452217
-1.84979573143838	-10.0284229711214	-1.52213497342864
-1.33603834981948	-11.4623616265751	-1.64495639989251
-1.26420213780474	-11.3349286082504	-1.56329978780513
-1.94151906529558	-14.2637062043685	-1.34266244991923
-1.12066315096293	-14.6538463973295	-1.49765961820386
-0.911473024665579	-15.6870889405211	-1.92372654121835
-0.849489591437322	-15.9117387716398	-2.35825007809698
-2.18962273214267	-15.5588153146581	-2.90028721026958
-2.17724697802895	-15.5506766864095	3.03393547231381
-2.77440605473945	-14.1794153890896	3.25715166954821
-4.40246560419013	-15.9412928190243	-2.77690880369397
-3.23056671050152	-14.3727146040499	-2.04198814158708
-3.96539080754164	-16.4854020189733	-1.57486768517711
-3.81673872327903	-15.0148326451991	-1.21770203227095
-4.28477602068182	-15.1952966906235	-0.684421093475131
-3.53573511487474	-14.7055788083968	-0.129958002210861
-3.77954444411501	-15.0872741331949	-0.0751424755846832
-2.8286854833286	-14.7182656418327	-0.341330820307461
-0.425836361637554	-14.6139418072422	-0.557211466374361
-1.67598147377748	-16.3506489522697	-1.13999030628075
-0.952049041045488	-17.1226848900896	-1.53734462257948
-0.105057810076493	-16.557011538026	-1.60671336833418
-0.625200014299449	-17.3128506660483	-2.08989829935626
-0.122719882223217	-17.6632106608827	-2.54328989703221
-1.90882185644283	-17.5892465994328	-2.97862460673558
-2.12487448462969	-16.972434942646	3.43333375343279
-3.22876869002701	-17.4503030538488	2.90483494199905
-4.28687557051645	-16.5523731310432	-3.04677634498536
-4.41576085956774	-17.1003060106456	-2.60687842425639
-4.82737085189773	-17.877133774564	-2.12007865358119
-4.53794006204222	-18.2011209116016	-1.6558000268707
-4.75481521773538	-17.3291998058032	-1.09970008888921
-5.02775877349669	-17.9215543997659	-0.575193550893113
-5.165596043461	-17.4571793303267	0.188194730617274
-4.92602334577299	-17.7609327134569	0.488655374622182
-4.85386821324071	-16.9769694403916	1.21408759782683
-5.69778472981689	-16.8388483338594	1.6233152577359
-5.00865974373925	-15.9454986111956	1.98306394183942
-5.74545722105759	-15.0228844122478	1.95260514611813
-6.05532665695089	-15.1091345867211	1.87029112593618
-5.43378874051882	-14.0374827947305	1.51815190704967
-5.99172441483759	-12.3825991187267	1.70913238201928
-5.61505654861166	-10.7546991125532	1.50185916511574
-6.42466783813671	-10.7394783521302	1.99767698398459
-6.04993814761939	-10.3926742233716	2.54609888627503
-6.23356195504458	-9.56818808521484	3.26566447213826
-7.20043907470606	-10.1701989030929	-2.40505028818989
-5.57768766750205	-10.6673368215155	-1.78168262207371
-6.43906383249578	-10.5422636538339	-1.54477584361954
-6.27662178966199	-12.4532882132255	-1.36167925694885
-5.09703057657597	-12.7717499247666	-1.4364146159156
-5.26202919790164	-14.3212808060832	-1.5804879271613
-5.59071303949815	-14.8044434086723	-1.50064012077048
-6.44032620935113	-16.3398452187898	-1.6415872263118
-6.52363981460043	-16.1279192008812	-1.648483421759
-6.5793639964126	-16.9569615101784	-1.11704448709612
-6.40226301416424	-16.9360475095001	-0.683433091243317
-5.85900201821135	-17.0093961123124	-0.25868828881459
-4.7726936406309	-17.2727343541353	-0.272233653900552
-4.40793902890422	-17.6796827699054	-0.0773384794018123
-2.5266229812337	-17.5486336264094	0.0817987193723611
-1.44304172051466	-17.6869885400869	-0.281550730598194
-1.1992774424462	-16.6197255270971	0.455395159605805
-1.74540212613118	-16.4706080740387	0.848144060061266
-0.828688155680499	-16.7362205141888	1.4020259466261
-0.81397838481127	-15.7429029060715	1.60030545757609
-1.56157934114604	-15.0492135072687	1.64839315170066
-1.09414854913687	-14.103065594079	1.49157038535994
-1.43649366899416	-12.9258031171792	1.68314488283002
-2.44986397476929	-11.7788469422765	1.57413770930137
-1.01300039358207	-11.7280892247324	1.65741083177457
-1.68366958922043	-9.79605684974472	1.46869963972279
-2.13871311177213	-9.08488355345488	1.54568782392676
-0.847041469736486	-8.44584007931288	1.69002672208745
-1.48822400432604	-7.91913031794506	1.63635338780116
-1.96069295921003	-4.94656486330251	1.45808339971925
-1.22167469634301	-4.85674759144702	1.47963882732883
-0.534616028345151	-4.17706061155573	1.74576867777375
-2.10190935832679	-3.46823391836432	1.47192043516723
-1.17571795949774	-2.02070927525183	1.68510340094715
-1.20757229967537	-1.14773742016392	1.81992176103577
-2.08354040215056	-0.496227187354471	1.71496547032617
-1.29918836261855	-0.191795292748097	1.17537321593133
-1.93932314647438	-0.169902829159588	0.708660811259604
-1.40849140193248	0.73745078851952	0.362204897745379
-0.888666384611395	0.328036543114827	-0.0045246012413066
