0.00691997173446856	0.000782174760837888	-0.000450999764479231
-0.00221364688047268	0.00744375693135369	-0.0168013001871978
-0.00221364688047268	0.00744375693135369	-0.0168013001871978
-0.00221364688047268	0.00744375693135369	-0.0168013001871978
-0.00221364688047268	0.00744375693135369	-0.0168013001871978
-0.00221364688047268	0.00744375693135369	-0.0168013001871978
-0.00221364688047268	0.00744375693135369	-0.0168013001871978
0.000680829474260297	-0.00113898815615429	-0.0398926965962751
0.000680829474260297	-0.00113898815615429	-0.0398926965962751
0.000680829474260297	-0.00113898815615429	-0.0398926965962751
0.000680829474260297	-0.00113898815615429	-0.0398926965962751
0.000266385637670431	-0.00226485274534502	-0.05168145155588
-0.00985017488893716	-0.0158469337969778	-0.0716077223009871
-0.00985017488893716	-0.0158469337969778	-0.0716077223009871
-0.0499626622102096	-0.0633786043645089	-0.0839773930129199
-0.0756573044283862	-0.0782269164361246	-0.126958037151108
-0.134751218874208	-0.0518686298495368	-0.155771908729816
-0.250265017045764	0.0465350580292336	-0.0905269057851234
-0.291663527889433	0.107039108576067	0.00772853065536434
-0.331473402386106	0.167482354349897	0.139181736983851
-0.399897524073616	0.153908336722918	0.257800313696514
-0.457352445628625	0.130235364330943	0.362790159524219
-0.500139005618531	0.137145685713797	0.474825909032734
-0.545202523475891	0.162256869988014	0.57511095102419
-0.676708882268197	0.238925127123012	0.74080161563844
-0.758700955172496	0.281709862360775	0.857863323644684
-0.780860349247223	0.275330051131608	0.911447797514354
-0.758770706292262	0.247265000623913	0.879463610074769
-0.74973386056552	0.240143463639012	0.858517535903796
-0.732176736710576	0.231772388761817	0.825408334889925
-0.714724615472895	0.226300889729954	0.776827792339398
-0.711078661175101	0.212108343274471	0.761177172578352
-0.711078661175101	0.212108343274471	0.761177172578352
-0.711078661175101	0.212108343274471	0.761177172578352
-0.700283049978284	0.214172085689074	0.75256573348673
-0.700283049978284	0.214172085689074	0.75256573348673
-0.700283049978284	0.214172085689074	0.75256573348673
-0.701642835751942	0.216008747742187	0.743984897004463
-0.701642835751942	0.216008747742187	0.743984897004463
-0.702045313746882	0.21301017011785	0.730645092241348
-0.702045313746882	0.21301017011785	0.730645092241348
-0.702536621673091	0.225630640404789	0.753609230979263
-0.700587807477036	0.232928780576859	0.762864470464413
-0.698000198312096	0.232843047167404	0.753510422301089
-0.698000198312096	0.232843047167404	0.753510422301089
-0.698000198312096	0.232843047167404	0.753510422301089
-0.688287106975022	0.222561594533638	0.741986681948006
-0.688287106975022	0.222561594533638	0.741986681948006
-0.687163956661778	0.207395168816399	0.729479373291475
-0.687163956661778	0.207395168816399	0.729479373291475
-0.687163956661778	0.207395168816399	0.729479373291475
-0.687163956661778	0.207395168816399	0.729479373291475
-0.699352824688215	0.216203293818	0.743978471309316
-0.699352824688215	0.216203293818	0.743978471309316
-0.699352824688215	0.216203293818	0.743978471309316
-0.702379192418174	0.216628656073393	0.756877366072778
-0.708146613758935	0.217617690153699	0.77739041062107
-0.708146613758935	0.217617690153699	0.77739041062107
-0.708146613758935	0.217617690153699	0.77739041062107
-0.708146613758935	0.217617690153699	0.77739041062107
-0.707012653479501	0.213536419533876	0.760492757300706
-0.707012653479501	0.213536419533876	0.760492757300706
-0.707012653479501	0.213536419533876	0.760492757300706
-0.697479262334457	0.21163029999326	0.725687580439893
-0.694917963866205	0.204215976823832	0.709413627798787
-0.694917963866205	0.204215976823832	0.709413627798787
-0.699704515310158	0.197341205053938	0.68698952203385
-0.699076133959595	0.193426165501495	0.674317015852659
-0.699076133959595	0.193426165501495	0.674317015852659
-0.699076133959595	0.193426165501495	0.674317015852659
-0.699076133959595	0.193426165501495	0.674317015852659
-0.701489004283007	0.200812993493755	0.667637438866013
-0.701489004283007	0.200812993493755	0.667637438866013
-0.701489004283007	0.200812993493755	0.667637438866013
-0.703479773470471	0.207261196654669	0.67911230722415
-0.723777824362168	0.226055417672323	0.719907726239615
-0.757542004488813	0.270657030002253	0.771038294163694
-0.806064327481339	0.337809475353217	0.923582098147211
-0.850438540586382	0.394126860885399	1.07888825196609
-0.868386075445092	0.449060797842855	1.29425219911197
-0.874852056732894	0.459256789073235	1.49386947867956
-0.850044360855856	0.497908110517664	1.69554575801691
-0.81708106754286	0.470723036468409	1.89948427900816
-0.817035254428328	0.43194914611405	2.05176599877969
-0.76670508644683	0.305510874082213	2.2266280541386
-0.65459735284372	0.172589809349337	2.43473104084668
-0.593930450472677	0.0413168745044527	2.67643308002395
-0.415024148047309	-0.087922830257462	2.84347931033521
-0.0967137382769445	-0.174480352177842	2.8632438842985
0.00235108858158401	-0.197933565920647	2.82019492538617
0.252490275546049	-0.265986160324947	2.79689130742793
0.557303352490131	-0.353088071560473	2.80154919699514
0.675853189165689	-0.409628408510214	2.84251845403814
1.05045823145795	-0.487091676460257	2.87939237638756
1.4153150075899	-0.527594055508439	2.77963362631536
1.64886085581416	-0.595554364056024	2.75586522188211
1.81046990312727	-0.638730454620362	2.75051746356764
2.22597346134549	-0.791920895964461	2.75153899392962
2.50554690842202	-0.864171755625325	2.71557167224921
2.72619144376523	-0.915961490501886	2.66972424941876
2.88632269877008	-0.957119996233068	2.60627765650941
3.29612258333615	-1.14323853263907	2.58235680406508
3.45809806870658	-1.2539746443289	2.63015921056159
3.6691584948173	-1.35655941850779	2.65708570279355
3.98302852137371	-1.46482240187089	2.62982931557927
4.22361194434178	-1.54711386449036	2.50139068671948
4.50745228248574	-1.7163362973733	2.47265028426642
4.64873026030317	-1.83628341370032	2.45324178460229
4.92789240686228	-2.04080439749008	2.39440644627361
5.14188712607059	-2.16911238123922	2.32936522443997
5.31458149846967	-2.24979520370328	2.22801039183546
5.5107781428744	-2.39952248898537	2.1473685440939
5.67098640629168	-2.5292646298217	2.10553711146989
5.83489808972011	-2.71702291723299	1.97274119545476
5.96889257395847	-2.87635120179657	1.80351274247237
6.06740884386275	-3.02939397400593	1.66566897941918
6.14321967237095	-3.19534680415646	1.44632642856412
6.14284370639786	-3.43290863942144	1.27013641102864
6.10192721607084	-3.57201629452799	1.2494508158551
6.04015742082296	-3.73797267174978	1.34574971126526
5.9963971665176	-3.98901617191759	1.47114156444452
5.9934018773274	-4.17678217661454	1.54908150534036
5.99511797749399	-4.46528223372037	1.63459008562901
5.99388660329948	-4.70775515457229	1.69804412702738
5.99858579346585	-5.05557955216241	1.75748787246911
6.0347884519331	-5.27794252754565	1.74432699854324
6.08491039754939	-5.44472929205265	1.73108355259454
6.18356915235237	-5.7303848251992	1.63525238479332
6.21866102072912	-6.00221209092738	1.60416444774091
6.25141049949697	-6.27531057853947	1.53585051187749
6.24638421492749	-6.53384684632954	1.50180914407718
6.29467347498213	-6.8821517920844	1.41337823695706
6.2999752022742	-7.08675979272869	1.36586559680124
6.30999534787308	-7.2953537321061	1.33408770786123
6.2996955267372	-7.64441043510149	1.30633073097375
6.24418902689943	-7.90833570416463	1.31319407473231
6.24657585737414	-8.10684010277745	1.28513191757331
6.25850605639038	-8.52272900762113	1.21506653515519
6.25733690552164	-8.63583140620532	1.1843521180093
6.21087861994573	-8.99495273107653	1.18165171597682
6.14150165609067	-9.2230345804529	1.17495539485809
6.06374689378643	-9.53869484895292	1.13053206856618
5.99589563180264	-9.82437452583859	1.0979222387511
5.92666602018039	-10.1205710488439	0.976181884800721
5.83079316545903	-10.3482100127736	0.955732266599484
5.62812137812694	-10.6892475973404	0.951536620260365
5.50561909342023	-10.9071655036903	0.948548278800573
5.38359062558974	-11.1883188892355	0.932831363828845
5.32544196423678	-11.3334844223187	0.906055843410776
5.13618983818489	-11.6515148002188	0.921894844850221
5.04025591383564	-11.7952818322016	0.922122316044868
4.86673219804204	-12.0022613235068	0.941264180163395
4.67724355965769	-12.3229866637165	0.891731524364982
4.54624431303635	-12.5782006400998	0.845166805395545
4.43909232675891	-12.7403987309115	0.824998965433277
4.2473657746586	-13.0129778599484	0.870451607687112
4.01296658851848	-13.2618589330083	0.926226937059662
3.92262315015026	-13.4035228877308	0.915642870606431
3.74394986904129	-13.7384172533683	0.865823369596259
3.63472099229921	-13.954097890767	0.757446111251388
3.45310900114666	-14.1660172485721	0.730387263770623
3.22384757917047	-14.3893092546439	0.705675630661452
3.0650805820277	-14.5683055348059	0.667401352218073
2.7888319826757	-14.9028538193809	0.602015127741982
2.6877746288856	-15.0254380954531	0.544421743647467
2.49823267789813	-15.1765408316542	0.552931743288323
2.21243080621018	-15.3756077891424	0.557896960863406
2.11086541487772	-15.4366372678144	0.584586631810571
1.80296109513155	-15.7018764863578	0.589124167525343
1.61372115413415	-15.9148352314971	0.575197188721291
1.41140488634418	-16.0939271019703	0.636731209918598
1.0936346738397	-16.3570046523615	0.719185474456889
1.00725714968508	-16.42350020666	0.757544340810772
0.734858273078297	-16.7412155520129	0.762581387614383
0.590471336291237	-16.9339160467503	0.73330393612645
0.368809175690894	-17.1833239677006	0.72934971020399
0.259131745417337	-17.2859383802466	0.734637423304804
-0.0176395845234288	-17.5324317358602	0.821815908506876
-0.209774400329737	-17.7586902096968	0.829649600419033
-0.425113682998282	-18.0989664110347	0.796064088562921
-0.538447562679705	-18.240769811234	0.792117466965777
-0.764506787061335	-18.4828805135708	0.820729218322965
-0.951136267302882	-18.6641762689258	0.894927140642901
-1.17352247915542	-18.9755472994936	0.892498898265508
-1.32455459088064	-19.2532259402083	0.841228790885256
-1.44629833976793	-19.4501347079728	0.818164159845704
-1.60170642301027	-19.6497865370796	0.858130062945155
-1.82773708328653	-19.8968718302118	0.912767990505061
-1.99127658724544	-20.1541193982372	0.894798291838799
-2.16302495639942	-20.4635920718391	0.867127141021393
-2.27353812279119	-20.6636413092895	0.835860669514503
-2.38204781018495	-20.809195701701	0.875376007627905
-2.65514259388771	-21.1215985382692	0.953465848088376
-2.80917157522925	-21.398358785008	0.985135525597969
-2.84177709951134	-21.4643149497443	0.982653910187129
-2.97318321640109	-21.7559220176721	0.924290563184628
-3.1498100330706	-22.0392062504337	0.940185641636977
-3.3877982361991	-22.3213406741241	0.95560894601023
-3.52988072484157	-22.527872009991	0.937444258617781
-3.63734946642348	-22.7103700567269	0.888037206495755
-3.77668417205696	-23.0008435874085	0.798262611287275
-3.84357093427431	-23.1085900332527	0.80912152546314
-3.96477077865756	-23.2731177975232	0.831056321813548
-4.18618982720162	-23.5403166754164	0.888427188470479
-4.39812811045752	-23.9117822270498	0.871489802067984
-4.53718974728158	-24.1845420942826	0.843089812121184
-4.63474740500284	-24.3380106127582	0.874265168835046
-4.77455593721279	-24.531968342438	0.89905620465737
-4.99380413450466	-24.7971037815348	0.978448639344812
-5.13445102012374	-25.0513002681786	0.972024089779913
-5.24870965041697	-25.3400179111653	0.940654134465571
-5.35641546215752	-25.5519920026173	0.990716781794734
-5.53644393583822	-25.8759640571934	1.11667995370857
-5.63191786335432	-26.0337832624281	1.23874394480237
-5.73472922139357	-26.3821584710294	1.33832219109035
-5.76484766911622	-26.6674633605866	1.39082404886469
-5.80545002472513	-26.8430330946357	1.45371250484299
-5.88381143209544	-27.172958342983	1.52989697655952
-5.92703180064131	-27.3860749402543	1.62157176200567
-5.92636100481059	-27.651621711498	1.6436000093762
-5.87016775529604	-27.9253163294158	1.69281707223354
-5.81857183107041	-28.1306739879471	1.77188108475933
-5.74982499548523	-28.3464511248062	1.86217089384972
-5.64175537312987	-28.6437536080496	1.98164060018585
-5.53196949166715	-28.867832070565	2.03564188163764
-5.40226658682938	-29.0571739732263	2.07074224869233
-5.27957763997822	-29.2148873887807	2.0991008410314
-5.18840148056679	-29.3975545996317	2.24136543365029
-5.08137175167364	-29.6247781603227	2.46088735799901
-5.02013821367998	-29.7859314242576	2.75239979287529
-4.89084734048134	-29.8688013755208	2.98653413681497
-4.73033166001137	-29.9088151172812	-3.10683350060052
-4.5711246635172	-29.9404378708841	-2.87222757092076
-4.38924200721377	-30.0089796577396	-2.59447463314227
-4.15232571004685	-30.0114506380538	-2.29601949567733
-4.02659428104663	-30.0224572230574	-2.03336283875625
-3.91630138434711	-29.9148235256827	-1.85178785065417
-3.83030430478385	-29.7327558453822	-1.67992968161074
-3.79715352163809	-29.5373503492694	-1.55160068119335
-3.77378533422968	-29.3381668038612	-1.45516934830314
-3.7857914650855	-29.0909553153722	-1.4072585812666
-3.79852023065237	-28.9161731272848	-1.32180531519705
-3.85230274572691	-28.7645560443284	-1.31261985854558
-4.04183328542544	-28.4430339454554	-1.34003149671701
-4.09680009305881	-28.3641801135668	-1.3865989477766
-4.19466668069278	-28.0892554850206	-1.41030062705344
-4.24990945572217	-27.8110997615558	-1.45349940166503
-4.29247955307352	-27.6139423047397	-1.48700001987207
-4.3794015610893	-27.3365846080291	-1.56040881960496
-4.49035692872211	-27.0485125156338	-1.65693648755136
-4.51299565476027	-26.8079726679872	-1.66619245585981
-4.53230923604694	-26.5027361312806	-1.71188572245907
-4.51395585326538	-26.3585195089531	-1.71358466314814
-4.52170576458315	-26.049745751366	-1.80872397344418
-4.51411664012439	-25.7471470169285	-1.90662208988345
-4.51652436901267	-25.5586556109516	-1.99792386215222
-4.4183782134585	-25.2324859253177	-2.04390522949383
-4.33555855809659	-25.015036678246	-2.06884873142076
-4.20236232548645	-24.6239453575419	-2.1346946201237
-4.10607433989988	-24.3648956456845	-2.15937192927052
-3.97447706853466	-24.0684962324712	-2.18155540684096
-3.78728488623087	-23.8224071517374	-2.10486159056522
-3.62762779900527	-23.6190470042994	-1.98980716682724
-3.53295255317287	-23.4606303196503	-1.9461220965632
-3.40514311350771	-23.1533543436849	-1.9265116678453
-3.36900796985474	-22.9809905674604	-1.96236610872609
-3.21471050091462	-22.6694522209107	-1.90491981784406
-3.03192051041252	-22.3606155443338	-1.78479090769634
-2.95347657151793	-22.1287965284586	-1.75447536741438
-2.92142971031042	-21.9647698298962	-1.74714036285615
-2.88247388067274	-21.7040836699042	-1.77814524498784
-2.77365535079426	-21.3350084477161	-1.73142444671315
-2.68148711908109	-21.1287675779951	-1.63009930240899
-2.60715853451476	-20.9309829558975	-1.50324547377508
-2.58636169956505	-20.6609865191471	-1.40881351602538
-2.63450260917133	-20.3547300827371	-1.31340397010616
-2.64111449135495	-20.2222860181998	-1.21363609720902
-2.6951622407362	-19.9394179819092	-1.01384737286313
-2.75124068077979	-19.7091357069151	-0.763892991981706
-2.87380929191638	-19.5151249475216	-0.591541148022863
-3.13934232721231	-19.3262424976961	-0.454407802706092
-3.31992581453709	-19.2458014222331	-0.371303024308919
-3.54112018169296	-19.1189450114178	-0.240778864156834
-3.76873719258354	-19.0228391806887	-0.145265174420398
-3.96821938805806	-18.9429746176354	-0.0227743384563786
-4.0792586765103	-18.9615574728525	-0.0264191353832102
-4.32094710395497	-18.9796978050651	-0.0761165330771759
-4.48679093385156	-18.9650525641712	-0.156415208375258
-4.66334639585407	-18.952959126827	-0.290806854313555
-4.86840388200739	-18.9420678985228	-0.451046150045555
-5.08754716622214	-18.9003429425127	-0.552435179632057
-5.19795432653283	-18.8780580202692	-0.561035590454899
-5.51314015158845	-18.8010040466642	-0.594009800116164
-5.77630750121714	-18.6742842850843	-0.54980887753857
-6.10962981216467	-18.4779657361487	-0.501599062004021
-6.31700122954322	-18.3628945382588	-0.495086828228938
-6.59045994941729	-18.2473865372928	-0.524744626564682
-6.80746870804396	-18.170711244969	-0.587843401363903
-7.10619633275132	-18.0102768528334	-0.604985305208262
-7.40444887627897	-17.79124330106	-0.56976782085348
-7.48491439586859	-17.733583151953	-0.539944331654645
-7.82177159524581	-17.5664943595952	-0.56771820199987
-8.10696130007098	-17.4526137554696	-0.59842088712958
-8.32931276122743	-17.3406638016506	-0.577431215452943
-8.48236977064494	-17.249976728086	-0.553558102253986
-8.81996826931286	-17.0319188459301	-0.48762426119684
-9.08292783829309	-16.9277657107819	-0.5062270869694
-9.38709479729846	-16.8010665363748	-0.577854757684524
-9.51494789149817	-16.7650097864657	-0.6165804679094
-9.70568473270389	-16.6586856451428	-0.609308986887197
-10.0696216733519	-16.3810774689817	-0.51414789392347
-10.3467227590487	-16.2811995099526	-0.509543179328036
-10.7581913704948	-16.1466789520751	-0.556919427285924
-11.0141356148906	-16.0697635445544	-0.518546437513374
-11.4149691965067	-15.9116364502079	-0.473079706322343
-11.4775063929516	-15.8736633298272	-0.455938182069807
-11.9697060029753	-15.7453041736377	-0.489759632670006
-12.2342243375748	-15.6580016941796	-0.585672361193112
-12.4796390004201	-15.5585938164526	-0.623945882284571
-12.8667131406217	-15.3125803956676	-0.642526547319412
-12.9823580065987	-15.221731034374	-0.631412972832878
-13.3367961492543	-15.0187626551163	-0.704992103411418
-13.6651838835163	-14.8191705346202	-0.829405355899528
-13.8276563728251	-14.6284658153938	-0.818212214496998
-14.0723634735448	-14.4058270689702	-0.780703072555663
-14.1155550575288	-14.3111097320731	-0.75745013917199
-14.5586570403006	-13.9498469589992	-0.79984000677548
-14.809217486342	-13.7855755463985	-0.85096515584392
-14.9493527107662	-13.6384524134856	-0.828372590464823
-15.073418212869	-13.4201981423314	-0.769966639470507
-15.2753505421774	-13.2978838144764	-0.750180857597934
-15.4822692236339	-13.1061344834819	-0.726420642201383
-15.6895465188807	-12.9597301304249	-0.726062375141061
-15.8845190429295	-12.8374311565678	-0.67246791799375
-16.0815090960996	-12.6746366729823	-0.622078966102187
-16.3919117677833	-12.4604441026998	-0.593708713695417
-16.535910915084	-12.3835861872339	-0.582045956106854
-16.6287875793792	-12.347739302742	-0.535717493869239
-16.9879002459252	-12.1812378879773	-0.584731415525278
-17.2240420154803	-12.0438196336652	-0.56096446591919
-17.3716686640085	-11.9413600631987	-0.586553848015852
-17.6789076192814	-11.7579645562554	-0.643625112621174
-17.8487916283005	-11.6422310280008	-0.68189546537
-18.0612763438508	-11.5225369608015	-0.687629702816647
-18.3441562015754	-11.3902400492897	-0.6945027146648
-18.5584489371792	-11.2220931265061	-0.633212743080333
-18.7700883578978	-11.0855964124625	-0.527845298521784
-19.0413360821759	-10.9572953773548	-0.455556957721717
-19.2106044796589	-10.8980535845788	-0.440950327743943
-19.5838025844912	-10.833917666574	-0.542575535559584
-19.7557769795013	-10.764499259349	-0.537523123799843
-20.0307121272749	-10.6031805517559	-0.561023246278136
-20.2461859590718	-10.4904986569257	-0.582228126817651
-20.4485494576352	-10.3840311082349	-0.659446306091191
-20.7949339627692	-10.1859348100519	-0.734652094313094
-20.8905469900712	-10.1380542792952	-0.784816851357621
-21.1821674454532	-9.88218758975574	-0.792671167073826
-21.3801049157145	-9.68258030608778	-0.783961982976702
-21.4956636937737	-9.56480852844669	-0.796566052743885
-21.6680286692638	-9.42741114362931	-0.836343038054837
-21.9426565014642	-9.25578611114162	-0.96684386027325
-22.1452803476947	-9.03755750473195	-1.03189917439909
-22.3751176236676	-8.64755515710347	-1.10036743318477
-22.4591575019435	-8.49440435841313	-1.15313918754452
-22.6404523795342	-8.20755144358472	-1.20334479262686
-22.7642292848286	-8.02412514533633	-1.24981273691027
-22.8537598209894	-7.74069617773925	-1.21462026547106
-22.9634111561348	-7.41375022153679	-1.17933752829663
-22.9906152856513	-7.25521209748775	-1.13919609701002
-23.1543856240045	-6.90693006786883	-1.13821277747087
-23.3140429272334	-6.70015901922213	-1.1201867936389
-23.4347549027744	-6.43165054722551	-1.04066155796102
-23.6389010070054	-6.121829491366	-0.899748366373802
-23.6899746677613	-5.97745874315684	-0.776311569617884
-23.9297481302724	-5.71989064441162	-0.732653464281489
-24.149202051735	-5.56577811761943	-0.733667508449886
-24.3412387444565	-5.43082210540482	-0.74924672984893
-24.6371496013835	-5.17433983981199	-0.682933285430705
-24.8658750550396	-4.99544396623125	-0.629954912422124
-24.9481325311955	-4.9238711439607	-0.645910882101666
-25.3216641119327	-4.71573842496603	-0.663310784892654
-25.5094501266168	-4.65226067261437	-0.729691261937865
-25.8114283644345	-4.42171359777985	-0.724209853519251
-26.1155091539208	-4.19175883019777	-0.628180985396726
-26.2181631381794	-4.12155876601627	-0.604117978184004
-26.6041257759656	-3.93072953379073	-0.609124481519679
-26.7853606379576	-3.86605744727467	-0.677875434735626
-27.1817065327886	-3.64196931950305	-0.670572583642752
-27.3783877576694	-3.46779445386355	-0.676167714553285
-27.5658326199323	-3.34170208578629	-0.696558743901815
-27.8154644229525	-3.18732600668787	-0.73958738383659
-28.0791794338102	-3.07037681635784	-0.841864909141503
-28.3120392667095	-2.88679379792297	-0.805608059412757
-28.567235336394	-2.66273509816486	-0.73969437299531
-28.6678742015104	-2.55130612012892	-0.662223492236715
-28.9939600082322	-2.34061304536383	-0.616449427445826
-29.3234293601449	-2.2027202804397	-0.639991267564698
-29.4978233114571	-2.07177443567754	-0.60878657927304
-29.6400285407528	-1.98329887778689	-0.603586956735424
-29.9801775809207	-1.72115813089484	-0.5811401859279
-30.1572828473537	-1.62283832696789	-0.631303654249189
-30.5037442311309	-1.42832015745111	-0.694248876008549
-30.6334660376039	-1.34373218439416	-0.734010851667564
-30.9380204479029	-1.11193453402341	-0.671494688694287
-31.1182976160433	-0.937104083668752	-0.612512931125006
-31.2928653436709	-0.823152011994638	-0.605109713209631
-31.5246435390056	-0.655499455192131	-0.576607123502529
-31.796756240053	-0.583146021916514	-0.590684432537311
-32.0263954819744	-0.434150968780614	-0.499979652252526
-32.3679747355191	-0.295363514482219	-0.399209405673244
-32.5031183958928	-0.214371217648563	-0.339172018944121
-32.8262577095197	-0.146439909155712	-0.31736107666231
-33.089204781284	-0.134480692272664	-0.336704187698207
-33.3845752439967	-0.080161654076936	-0.302316455429488
-33.6885120430045	-0.0191797162019307	-0.235501600529388
-33.9217051985239	0.0532673004135517	-0.144101405769456
-34.2797431872334	0.0733382234164447	-0.118326035033118
-34.5010377634754	0.0708548735377281	-0.10080894786514
-34.8129263063291	0.0588460252235048	-0.0533733729261456
-35.0880209141991	0.0593423795791399	-0.00230213642566713
-35.3578664193203	0.0725290514343714	0.0532550277283898
-35.5207937498787	0.052921878465801	0.0523750855067077
-35.7058768266171	0.0197856502420214	0.0416279063248135
-35.9849025438804	-0.0634927905427555	0.00872508210408415
-36.3620080817018	-0.121869879658816	0.0711999630632406
-36.6418608550429	-0.139683496178946	0.13202294499491
-36.8815051837403	-0.16689887280216	0.2386192902704
-37.1395556049694	-0.247190963369635	0.281346378263123
-37.4773061170124	-0.399100549995264	0.340720395414434
-37.5697411844554	-0.433858508626271	0.377182793330195
-37.9218431576485	-0.551136373474044	0.50343104031962
-38.1191207314038	-0.617394049462747	0.638196203601576
-38.3228107812627	-0.74178145110271	0.706191862562893
-38.5646944709782	-0.932315297684623	0.758704430088486
-38.7232124269176	-1.13129559428112	0.783019562901964
-38.8998170186616	-1.275878406105	0.884900726184826
-39.1341366957542	-1.50968180278749	1.00412612740012
-39.2706682673488	-1.65182828102116	1.12211304824903
-39.4090099895184	-1.92882748119268	1.19222783345529
-39.4681239908012	-2.15359540557092	1.24091580230053
-39.589148132281	-2.51876818872949	1.3915959331424
-39.6381623999765	-2.81133132959555	1.49875254524943
-39.6880402917842	-2.96388089042917	1.61870768955837
-39.656039934405	-3.29713808855001	1.66279650398836
-39.6056044127047	-3.55358891143227	1.59207277526016
-39.5838097160672	-3.70758285270307	1.53495359699482
-39.61269053121	-3.89450438198989	1.52930869317227
-39.6416152938444	-4.092625029593	1.59417503860076
-39.6514025170539	-4.23786251241286	1.67726186162906
-39.6495565744687	-4.41529618538955	1.77011536761547
-39.5617711160804	-4.68577059326181	1.94517103780071
-39.5115666272352	-4.828563478927	2.04717753785785
-39.4325397722568	-5.07241608323339	2.18618034926942
-39.2968047469944	-5.28529020793624	2.27696797491356
-39.0951487935379	-5.58165746934833	2.37422595859803
-39.0150736115303	-5.65387095769272	2.37733979000597
-38.8423964428159	-5.78268345974954	2.34226903355122
-38.6905665695885	-5.9358555753726	2.27312816328221
-38.5222034635766	-6.11212651998445	2.13430969662563
-38.4030190967515	-6.24017875323722	1.97174912604889
-38.2553876264739	-6.38830017167681	1.70714488389633
-38.1308052104525	-6.5612416214942	1.41286141054748
-38.0684578964642	-6.68860616565923	1.1681263738837
-38.081840110917	-6.85899319390213	0.992011860387579
-38.2556596591167	-7.05011950871523	0.986321007487945
-38.3401139849147	-7.12079868226191	1.09340918469266
-38.4689354366409	-7.26652988260707	1.31034144474897
-38.5832635452488	-7.45883592219212	1.49758205298168
-38.6347094598862	-7.63697060801071	1.65801860436855
-38.718665351056	-7.84526559304682	1.84042069796196
-38.7048337885238	-7.9948245724953	2.02143950802831
-38.6942948148146	-8.1559590224737	2.26658961595963
-38.6183810831638	-8.33398514287669	2.45523729813956
-38.4965486354277	-8.45189370059499	2.52401666604276
-38.4043927196422	-8.5948290431441	2.59919391310481
-38.3070678387461	-8.74859506073347	2.69195065112154
-38.1281455953846	-8.88445914485159	2.79318939669121
-38.0427683946884	-8.95248619857025	2.91760109491875
-37.8497779377098	-9.05977601465859	3.00314033264032
-37.6726563361565	-9.10394495644905	3.06856418009545
-37.3603214417043	-9.16715676688032	-3.05915616413531
-37.1817131658746	-9.20864086983693	-2.95299243816094
-36.9154346033577	-9.24379738286548	-2.73516349981969
-36.6560495854235	-9.2308172767408	-2.50962548900027
-36.4885017628918	-9.15017820222019	-2.44996017907208
-36.2416867484719	-8.94513934605434	-2.45887598546827
-36.1837896556883	-8.90527168375995	-2.44875408749629
-35.9328536577409	-8.74544492519668	-2.37609096112958
-35.7311163015619	-8.61932445044068	-2.27077486696718
-35.6648367476183	-8.55058135921988	-2.25195254011408
-35.4848527632595	-8.28733433750386	-2.26798867839114
-35.4230399338033	-8.14583343241131	-2.30940835567382
-35.3526429804925	-8.01276667880471	-2.36467025744196
-35.158492380092	-7.79622999598267	-2.37339988825421
-34.9714225997774	-7.62434722333369	-2.37278960610065
-34.8500978243462	-7.5063535156565	-2.3782915660906
-34.7060085077078	-7.28109754392496	-2.4399094131744
-34.6133045140295	-7.10893276584235	-2.53129860541669
-34.4842453062995	-6.9371240776052	-2.6149194237777
-34.3008140714526	-6.76572548757727	-2.68219075646797
-34.1382390973369	-6.64409737104708	-2.83840738421492
-34.0299940107322	-6.53085119009816	-3.07253405367519
-33.8928603422952	-6.35683729069087	2.85097997625167
-33.7451797175842	-6.22026588107424	2.4974700065129
-33.6152212851048	-6.20085571635712	2.20723031912653
-33.5002381544986	-6.26276296379219	1.93661976362172
-33.4192888501007	-6.34651129145658	1.69240037343604
-33.3493464860188	-6.4353972163744	1.4905202900554
-33.2431322546751	-6.59320040387844	1.22607902020374
-33.1476044215577	-6.79985335100469	0.930334164737489
-33.0979322978975	-6.95545005521985	0.623034487551563
-33.1609734141327	-7.08167844516078	0.400157283856293
-33.3283174251499	-7.2196699259358	0.241625502817744
-33.3991853590269	-7.28549496064946	0.192020906807051
-33.6507127106041	-7.41635942409604	0.118104437882811
-33.851797466572	-7.46270961660065	0.0957193916919777
-34.0442401199591	-7.53042579095062	0.0819771639093203
-34.2315023573123	-7.54440747667912	0.187747731208462
-34.5377227890772	-7.54938852007667	0.393888196859797
-34.6848631665852	-7.57085021738646	0.634137927397589
-34.8330420474591	-7.66580295641389	0.738983797658756
-35.1126057872246	-7.93623280586039	0.81974474005839
-35.1482010104448	-8.02806138258309	0.824150070426975
-35.3666295850883	-8.1962598005384	0.911027537836367
-35.4723489618251	-8.34013641588234	0.936249128468371
-35.5926955396344	-8.50042532802331	1.05901319260176
-35.7155449280192	-8.70288772803298	1.14343984075586
-35.8041010616163	-8.88695963189358	1.27707279405283
-35.8507568067159	-9.04818239445066	1.43222759737126
-35.9199900414078	-9.27047557030857	1.74136945388975
-35.9420620429028	-9.54647760032925	2.03114762715544
-35.912368083779	-9.76945140847334	2.22556418524157
-35.7984876686856	-9.99567692215778	2.33103371690376
-35.6949242375622	-10.1168170581227	2.35024703619487
-35.45482101485	-10.4544003867887	2.38105968464004
-35.3005264993553	-10.7193274834581	2.39669583563719
-35.1802321278811	-10.8615539553953	2.42157326780978
-35.0307474456858	-11.0147616679034	2.39701922033876
-34.706820448016	-11.2681562975471	2.37972484949567
-34.5959487048175	-11.3876751363896	2.40009528001667
-34.4961424105824	-11.5018896595508	2.40213760595336
-34.2161053780265	-11.7847444008577	2.44274477226277
-33.9190334256527	-11.9988964346285	2.40265372215368
-33.6374173331793	-12.1550191715299	2.37554173460747
-33.4440906497667	-12.3072209798525	2.38192243784434
-33.2755445994024	-12.4916030812064	2.38334659600818
-33.0458926843743	-12.6958540123932	2.39648029350637
-32.9134666663715	-12.8142350901314	2.36802801266215
-32.7511126935569	-12.9391276879172	2.40710911671108
-32.4633837884891	-13.1459021968859	2.49862255528846
-32.2144152072924	-13.3317460729658	2.6623561405342
-31.9899329232128	-13.5077479936674	2.8384590539342
-31.6856256054708	-13.6859859124601	3.02492484711166
-31.380198032946	-13.7616229510177	-3.1046173723331
-31.209854510885	-13.7953302717998	-2.97911786499916
-30.9230924012884	-13.8821430866302	-2.73165774298601
-30.6311486259274	-13.8851522718937	-2.52512272361704
-30.3515008393808	-13.8287268712274	-2.42237299733248
-30.1504659021552	-13.7082797985732	-2.41838385264787
-30.0044974017171	-13.5680399771204	-2.45304680579504
-29.8202621343431	-13.4180320375918	-2.46008327812859
-29.6245102804594	-13.279362880859	-2.46261343915681
-29.4044053042092	-13.1375561255184	-2.44208695873466
-29.0512301106432	-12.8289196061019	-2.48006878810408
-28.8533203939309	-12.6161206685235	-2.54317259015085
-28.7679779724528	-12.5178376644349	-2.58301265104905
-28.4190983190939	-12.2602582457559	-2.60557100895062
-28.2068415016235	-12.1440339334186	-2.58895727270809
-27.974875759104	-11.9709226300542	-2.60203626279426
-27.8387184108878	-11.8717117226408	-2.61031926732351
-27.6038757443204	-11.6265901622826	-2.68231013979214
-27.3679069650303	-11.4960789745431	-2.63657450219572
-27.0355695161228	-11.3214337691673	-2.56050699446342
-26.7669019637619	-11.1831872580734	-2.51277959241697
-26.5796408100784	-11.0007841334934	-2.49794279386831
-26.4048825543195	-10.8392465358317	-2.45201025195352
-26.2113282106836	-10.6742930510819	-2.3352243194721
-25.9979195856315	-10.4528270046152	-2.20180347116819
-25.8519046632665	-10.3174218239969	-2.0492618266541
-25.7060336997446	-10.0715735231844	-1.95038267573206
-25.6145552991612	-9.77740507375743	-1.87589107326836
-25.5169957847369	-9.47827523171969	-1.79767184972642
-25.4301638974419	-9.23318188529767	-1.747466007247
-25.3380158995005	-8.90580522435907	-1.65168136154708
-25.3109848221803	-8.59199074795192	-1.63745720342708
-25.319403023907	-8.19387079542821	-1.61106253873653
-25.3156310718545	-8.08746476456926	-1.58677062112006
-25.2933044776047	-7.78958333330145	-1.46641953066003
-25.2752456428636	-7.47611327595355	-1.28995218966419
-25.3025499066047	-7.18408224058149	-1.1812855277807
-25.4012351561609	-6.92682031673986	-1.13138361162299
-25.5729450397946	-6.5499395550264	-1.07357236323295
-25.739491552695	-6.24809676140556	-0.999914240862832
-25.8372687884171	-6.00660085653189	-0.904110649781114
-25.969047695606	-5.82888418187735	-0.872417205730477
-26.3049766405568	-5.48955290346996	-0.868822180040375
-26.4400687414499	-5.33310707326195	-0.856605327665709
-26.6444672908773	-5.07318114998735	-0.783428279948257
-26.7541670147703	-4.94430720067652	-0.690595812719235
-26.9525579036915	-4.73154830168922	-0.626265719318715
-27.316853759955	-4.50293234518895	-0.628929552227271
-27.4880018527672	-4.41483316801719	-0.666318353424685
-27.7884732481006	-4.16687927458091	-0.657925799732599
-27.9012516350242	-4.06524471539941	-0.67714134895707
-28.1511970760172	-3.85642938715974	-0.771923039418536
-28.3976461726246	-3.63274083395183	-0.821098794057933
-28.6592879653878	-3.43216949199103	-0.949180197039633
-28.8342861383115	-3.22426414321447	-0.921534193311666
-29.0305949900234	-2.94045331771293	-0.878573956106126
-29.1993867547479	-2.72030757935765	-0.855466934532164
-29.3137946182242	-2.59109366813254	-0.850519592226071
-29.513872606951	-2.40779592429506	-0.865143955508373
-29.6856511364839	-2.22803687670122	-0.838035754764969
-29.9605259817221	-1.85956086303217	-0.75175842826786
-30.0177777596192	-1.78011170652199	-0.707023909095743
-30.2972142664479	-1.51851580445793	-0.682383486840607
-30.5408385024483	-1.3559285025096	-0.659643977357535
-30.7018044969018	-1.27208736482466	-0.639910865577137
-31.0229360594105	-1.05161602915824	-0.540941915396066
-31.1818262218467	-0.938506912945762	-0.480900489386206
-31.3585633563873	-0.833872840078626	-0.463707528801274
-31.8437266296645	-0.674735020915324	-0.496131044210782
-31.9896507474082	-0.632104441475847	-0.518927910893847
-32.2226054819567	-0.529661182402027	-0.478497395653145
-32.5647762418685	-0.362684300216637	-0.465293765377416
-32.8221005894824	-0.237420633171453	-0.473917103516777
-32.9919980430211	-0.147418488437693	-0.504370146559591
-33.3333281186813	-0.0318242068555985	-0.617495379591372
-33.549801682163	0.094972266755198	-0.631134518836048
-33.7090299447623	0.218758359249293	-0.630567068747597
-33.9861184458486	0.43336194399549	-0.609169316286979
-34.2480522309168	0.598367071788407	-0.662402878181632
-34.444747065685	0.718731771929815	-0.695402701857863
-34.7395631047544	0.912291708870567	-0.727287438386723
-34.9226054851503	1.08193428584117	-0.7020136957385
-35.0482554563203	1.19944016482072	-0.6721484009832
-35.2565310273965	1.35511081433978	-0.67663522443632
-35.4462941242954	1.47745343145574	-0.689606396300042
-35.6851422439712	1.59091542428233	-0.716220461714254
-35.9628981960659	1.7642322277621	-0.669606965413228
-36.3147262527992	2.02532625013199	-0.619013664056368
-36.4870319994736	2.13669059451293	-0.597533369690695
-36.7201744541891	2.26880418133189	-0.625904962534856
-36.9092533278239	2.35670986995254	-0.650686247246326
-37.2221244327847	2.51916911207357	-0.670888063740877
-37.3776959834061	2.62896723869913	-0.647893094684612
-37.6288953311714	2.8176765952979	-0.577047557852027
-37.8651743964517	2.95006564585941	-0.581645091762024
-38.1029055718092	3.06408059057766	-0.583552717101336
-38.3502460827445	3.1516301448049	-0.6136083716463
-38.6031208618934	3.30440066027532	-0.521002468798838
-38.8387518041968	3.44941303849443	-0.459320136206303
-39.0055730621547	3.55652774485846	-0.354187277824776
-39.3260721115327	3.65226298617423	-0.323832195099448
-39.6296128530903	3.73465013978227	-0.327059186212474
-39.792017016489	3.77100882025771	-0.29118319121945
-40.068514417086	3.88265721701755	-0.223654042484245
-40.3073033502607	3.98610369410266	-0.131272047295945
-40.4215023765985	4.01161307088497	-0.108477277660171
-40.730432095112	4.05204926096749	-0.0937805695715399
-41.0164447307387	4.05522186294227	-0.124606161923051
-41.2183366021355	4.07378497579489	-0.0872111051466262
-41.6080316144065	4.11697321097534	-0.00621137449849124
-41.7921910426204	4.13880484077546	0.0723527059354803
-42.0579789862744	4.12052621024078	0.0551308576927709
-42.3115588090916	4.07627096199803	0.025018751012599
-42.4372842092055	4.04574676721638	-0.0340190532178142
-42.6921407845824	4.02878779581579	-0.0538339357857122
-43.0907925649009	4.05701005547629	-0.0993802681757392
-43.2624660670937	4.05693622935343	-0.12166185541095
-43.4951152416132	4.07011730430219	-0.153244269375729
-43.8464430282629	4.06825369107883	-0.143126690999399
-43.9813339897174	4.08188166728165	-0.122106897989599
-44.1505960005866	4.10779472148536	-0.0439508630997318
-44.4152756670007	4.16747914772637	0.149130719675712
-44.6422475653535	4.1636917982115	0.293465770378391
-44.9675066336233	4.03255793307092	0.385593238051477
-45.0914707094619	3.9552511365174	0.380119374118689
-45.2888970920836	3.87464957543246	0.448455893201436
-45.546029780062	3.74480035573097	0.479580962625701
-45.8026956804617	3.61976270305352	0.473037968721052
-45.8892256880683	3.53890831935724	0.418117278207478
-46.1042629523649	3.37978209344903	0.30318323695631
-46.2591591869894	3.24285254661327	0.126469279684758
-46.4183985981105	3.18157508025124	0.0491021130211581
-46.6394874301545	3.13624155060857	-0.0230313752705333
-46.9148640871916	3.11171863890151	-0.132362557286399
-47.1323333239619	3.05669515072605	-0.232739286747977
-47.3414932228005	3.0441364183554	-0.32280161436206
-47.5719650911602	3.02311395795989	-0.476422290025684
-47.6964707557595	3.06915916821997	-0.495461184387816
-47.9664353694694	3.19895889983223	-0.501255655197355
-48.0220205742823	3.23863516253017	-0.477268685128062
-48.2221761213951	3.34175316888326	-0.398264849256775
-48.4297455136047	3.44757208734348	-0.212003690243687
-48.5366200224713	3.54768956923097	0.0434146539030041
-48.6678927634842	3.68255093904829	0.315650570878334
-48.8240734066452	3.83898532629518	0.58833182469761
-48.9213672343565	3.94632511563283	0.846922703802389
-49.0231971208321	4.01715186465705	1.16729137025392
-49.1031814071959	4.03833237205557	1.48079285799439
-49.163018858953	4.02284221107586	1.79773430471309
-49.2102042886195	3.99761188047995	2.06060203593331
-49.260703421251	3.91585181966892	2.32339766779186
-49.2929177459778	3.79009842548064	2.52130912710268
-49.3186147257644	3.700199160028	2.68477930752257
-49.3319402512524	3.66221761730783	2.80178956303023
-49.3319865683778	3.65734940706279	2.82954780740104
-49.3115845982606	3.69465579279089	2.81867078503199
-49.3090949339105	3.70686496576833	2.78499334674251
-49.2920679111616	3.73461725916532	2.71236129621026
-49.2725908688423	3.75029283501386	2.66368133358565
-49.2408378019879	3.7824059578507	2.58469874913511
-49.2233018020927	3.80729604003417	2.43917208803995
-49.1871856777488	3.84751112825367	2.21216014252151
-49.1407789251362	3.87138244103257	2.00688074193501
-49.1246734832753	3.87218674716173	1.88676905325428
-49.1246734832753	3.87218674716173	1.88676905325428
-49.1386699280676	3.83049167734423	1.89911700056862
-49.1369320661582	3.82185929811748	1.90777852902311
-49.1412768482043	3.74993645444063	1.96520021510929
-49.1384063768821	3.73704236375314	2.01216681707032
-49.1016953593766	3.67963670591449	2.17440902103258
-49.0295867277533	3.60422757984566	2.39067103602793
-48.9909200027354	3.53966776361811	2.62931598027707
-48.9404032820291	3.43041201471806	2.89497066956927
-48.8249107094418	3.31489556884375	-3.13310464690011
-48.6875162580405	3.19184092851787	-2.88029008296715
-48.5847105350188	3.12725757151217	-2.66461276216103
-48.5344148426711	3.04320205625936	-2.36296916127601
-48.4986170033935	3.06309509457912	-2.11645958373951
-48.5105884043862	3.08015645401082	-1.775773867508
-48.4838764754747	3.14770212531411	-1.44305362138609
-48.4881437837377	3.23804116716886	-1.18410058481761
-48.5754823835634	3.39307936115098	-0.944541815201425
-48.6981168135752	3.51908930645952	-0.810911258518065
-48.8054153936287	3.65917981838014	-0.666541322621914
-48.9992819232786	3.7722522086858	-0.63705041592838
-49.2459908187293	3.8642439391845	-0.698128206540063
-49.437676256385	3.98843037718733	-0.699361692659747
-49.5912518266118	4.10966954009572	-0.669260245611276
-49.7169609036014	4.28554711482568	-0.578292173138253
-49.8223611541117	4.37443793595129	-0.49437213691412
-50.049465964763	4.53950922398699	-0.347996186228226
-50.1779340609115	4.61557614665185	-0.20238436001076
-50.2649399129221	4.74483465539876	0.0930828078774666
-50.3804521120387	4.87056244148609	0.405642972466064
-50.5328530995971	5.01136077228157	0.73883859306522
-50.6546123856282	5.11864165126611	1.01677335746942
-50.7403612734059	5.16581841079603	1.29177884518484
-50.7715817936603	5.17819544515191	1.53830882576025
-50.7975295589547	5.16155978474643	1.78823815113348
-50.8026356571062	5.15204790273771	2.01043031015156
-50.8118577477925	5.12023072148824	2.19980121576461
-50.7983805468387	5.04647750008242	2.35532258787545
-50.7498322305339	4.93576012910104	2.45520826931731
-50.5857007981246	4.73756469490146	2.52992596404698
-50.5062939919075	4.66832114601079	2.55401919127597
-50.3480356383641	4.54151074740004	2.52464971628277
-50.0723678931395	4.33747772992536	2.47682360330989
-49.8906530120323	4.23597782102177	2.48340359233594
-49.7282236635311	4.11353551486935	2.5515247766803
-49.4984504570792	3.94941909488744	2.66342045534593
-49.2422820550712	3.81549807822486	2.80152857475775
-48.9977974483521	3.77534376149335	2.87691341572648
-48.7693167299463	3.74612057966065	2.9133361018185
-48.598211123714	3.71488285795528	2.99711936712518
-48.3377979191529	3.67849896941183	3.06138640859342
-48.0644675695767	3.6346559230973	-3.10925414527373
-47.9248266296893	3.63721506218602	-3.10382020833693
-47.5728952588621	3.71801463784545	-3.13681256888259
-47.2754523700186	3.78501009601258	3.0191414541602
-46.9861284075903	3.78948713363515	2.99734839038966
-46.738913933523	3.75065526773477	2.97688743246727
-46.5122681610605	3.74863486366235	2.90473644712061
-46.2581554021842	3.75093198923716	2.8143410080916
-46.0463684062014	3.76626577301412	2.60740199362394
-45.7805772492865	3.69083677633391	2.43362196494315
-45.5809879979856	3.55201484136998	2.31381283561705
-45.4451481614798	3.43456823113979	2.21950188906013
-45.2359705970445	3.2502502411016	2.03245591480245
-45.0370493000447	3.02392793011856	1.86657292458551
-44.8852612516787	2.79257900597339	1.68403949409464
-44.8091960591611	2.53331656570974	1.65829925970943
-44.778952115127	2.31274961676174	1.65141463068888
-44.7353991390143	2.04022268283369	1.6524060744426
-44.6917999776232	1.82258119405488	1.65557983768594
-44.6035066321238	1.51505251296812	1.6120620923763
-44.5793407926292	1.3428176357881	1.63636295728086
-44.5669654788467	1.00768776390209	1.67815735570668
-44.5603313497701	0.810524944587585	1.74589411720348
-44.4902456210497	0.531108353189769	1.78025698772302
-44.4395156768671	0.372734996128202	1.81776682773993
-44.326290657056	0.112243788097747	1.90460967483265
-44.26968833449	-0.0881934705377951	2.07572885969331
-44.1458023143995	-0.38738825246776	2.297905720805
-44.0305720832812	-0.638689580926841	2.54306924003644
-43.905127837767	-0.764158166939174	2.62653151087411
-43.722859322151	-0.901537869429558	2.70003014291407
-43.4924324295461	-1.0328429192671	2.78180845496637
-43.2622746161205	-1.1497757746383	2.85734865392171
-43.0178862265102	-1.24861622631537	2.96724906724004
-42.7290353156212	-1.28825632018294	3.05705298079791
-42.5208213376015	-1.26158310455496	3.11132056171539
-42.3579161678259	-1.23734683890887	3.12769032638681
-42.0792744218807	-1.22178796388474	-3.05019694015629
-41.6728591183278	-1.19132263833616	-2.97130938701763
-41.5108499412237	-1.17888552320384	-2.93710273425188
-41.3199149291449	-1.1314727250535	-2.95381364138924
-41.0111870571617	-1.05057787407142	-2.98380005827573
-40.8956484273358	-1.01236732177326	-3.02049543279261
-40.4261411058385	-0.941615218168058	-3.01302760887749
-40.1644450224608	-0.928536863969564	-2.98113005067865
-39.9188774427451	-0.881678502282589	-2.98976703341359
-39.6581728262584	-0.8038225690278	-3.0027922781498
-39.3736218150678	-0.694437754539828	-3.11493806498928
-39.2001399807034	-0.677583974418589	-3.10347157134275
-38.7730588913919	-0.640587244175574	-3.13752268910662
-38.633954194868	-0.627523081354984	3.12705484152609
-38.3689055329963	-0.593202334077917	3.05937735751586
-38.0169081746701	-0.538661326068711	3.00781551666196
-37.8272785504602	-0.539191969119931	3.01081728189517
-37.5243999743741	-0.539223889009561	3.07061804326814
-37.2017802144321	-0.581501577010317	3.11958504905367
-36.9469444121553	-0.567355624515539	3.08826909629107
-36.7512187034292	-0.555110012100184	3.08187647597056
-36.3823994565373	-0.505074756570137	3.00469972945089
-36.208137283892	-0.518780265648368	3.03188886344385
-35.8673674700101	-0.536958877181872	3.04306587203169
-35.6731396300529	-0.559293635757718	3.06284920178206
-35.2606772413602	-0.502158174451501	3.0262770289541
-34.9718705276704	-0.460885966910073	2.92817154799749
-34.7211564618365	-0.477989165776958	2.91250620255092
-34.3968929047765	-0.530417990074697	2.86567865577713
-34.2891147159386	-0.566145684792994	2.86296889422061
-33.9381172421348	-0.620998754576829	2.76669097984987
-33.5829269123215	-0.671412130636799	2.70240702358917
-33.2715282645837	-0.749190299667587	2.67017788049155
-33.0452004053556	-0.833172102248216	2.68258333459038
-32.8548611188803	-0.911705431643897	2.68561106438348
-32.6433439077076	-0.994030707240548	2.67300294374878
-32.3030588258648	-1.0978286896314	2.62875371101634
-32.0330906879471	-1.15869566113076	2.51837829051053
-31.7807712180871	-1.27696629034822	2.51272239224898
-31.4825189456177	-1.48291684139271	2.50210743477585
-31.3615323073036	-1.57483804208235	2.50424931382381
-31.0150620683172	-1.76294825602338	2.45538095216691
-30.786433880189	-1.87061074401535	2.41638583756984
-30.586960588867	-1.98598378882228	2.42030849564069
-30.3219331115748	-2.17432233404837	2.42694126688297
-30.1679670277044	-2.31628378544298	2.44129765078306
-29.8532223070927	-2.5407718786129	2.38892612858579
-29.6170846723151	-2.68636707412088	2.34636201652998
-29.3932672493762	-2.85798723540751	2.3113735208516
-29.1927745557484	-3.02494659278528	2.3471491316876
-29.0049355160021	-3.22455298523255	2.39209579799065
-28.7548735044855	-3.47159539221865	2.43409853431026
-28.5824320069695	-3.58073070415611	2.44178693877014
-28.3369874458806	-3.73233907361427	2.39188021520952
-28.1382050640344	-3.88895276796734	2.41633371205175
-27.839629195559	-4.16138233299589	2.47410895103427
-27.7312692442652	-4.28622986028841	2.51451878710789
-27.4992522266615	-4.43601931536489	2.48819878004237
-27.2434832475968	-4.60618270291531	2.43318424561188
-26.9824190571815	-4.80244111071939	2.38180499038942
-26.8596058451293	-4.90101666384515	2.39192193507499
-26.6307075962352	-5.18531967399944	2.42367155323567
-26.4274186089566	-5.33771040639706	2.39630941392088
-26.1466522557456	-5.5648782469274	2.34916647900383
-26.0138137909932	-5.64360170267564	2.30773577828964
-25.7661847873017	-5.87500158903391	2.34618147589947
-25.5362004726532	-6.12005984184789	2.39715590656824
-25.3320606004299	-6.28336722743315	2.42536781612043
-25.0046342260649	-6.49392291870918	2.41415927286545
-24.8268259757093	-6.58987552824914	2.35175960142716
-24.5841107204868	-6.82181572768262	2.36554011440578
-24.4081842902017	-6.9919216148258	2.37434566774648
-24.263448300326	-7.13518349979565	2.39528902209275
-23.973429548349	-7.35041382279171	2.35838147180388
-23.6660016110764	-7.54203661919559	2.26190600690771
-23.5241457556507	-7.68327652727438	2.26670204868065
-23.2639746180879	-7.95791570431318	2.27874615324763
-23.1035313351698	-8.13792910648747	2.307360504872
-22.9119244629968	-8.28477909803195	2.27771552668244
-22.6672638973327	-8.4651392732022	2.24239539960484
-22.4129232349495	-8.70083120772877	2.27011184329322
-22.1831347406091	-8.9517291633374	2.32289449425668
-22.0617106845247	-9.10089792242159	2.41061002459284
-21.7819994318357	-9.31600083973924	2.42973684260248
-21.5008536297244	-9.49269258334881	2.39808356793183
-21.2830105215228	-9.6692744624534	2.40626625050896
-21.1720471201025	-9.78109836023901	2.39666854784464
-20.9854589187492	-9.98243959865324	2.40901795848716
-20.7016587974462	-10.2086293347017	2.34180921484246
-20.4311266989413	-10.4003676365643	2.31189208882166
-20.2237124417031	-10.5877083358963	2.29670469848038
-20.0682907952694	-10.7725311025035	2.33376103569361
-19.9183199531003	-10.9637550369674	2.38563697341193
-19.7189982658814	-11.1341033000281	2.41359320835097
-19.5882295046564	-11.2473320481981	2.41749032094429
-19.3176371087608	-11.4366809022236	2.39335074516605
-19.0772898698068	-11.6435781678433	2.45191358579899
-18.8461978178248	-11.857717016776	2.53225697994498
-18.7244638079135	-11.987880570063	2.56781317997007
-18.4504614705317	-12.1367850806807	2.58429856581808
-18.180077984372	-12.2804744278726	2.56581352052371
-17.9727951332766	-12.4085993961144	2.59291850140986
-17.7791994779359	-12.4892269518039	2.62503706082643
-17.5074970911346	-12.6678836808522	2.6276064306491
-17.3004615201157	-12.7569817126243	2.57671382817587
-16.9857673263393	-12.8865408497799	2.54077774444762
-16.8603175840406	-12.958149019475	2.49416471992266
-16.5465419182151	-13.1653168632916	2.50731779611008
-16.3518916641261	-13.3505856035012	2.53972242121448
-16.1349105318462	-13.5115950026926	2.54032527346033
-15.9911237700506	-13.5913875782805	2.548407791186
-15.6673935517402	-13.7460554912247	2.51474955857791
-15.5134429047552	-13.8336666627432	2.55984244589481
-15.1866376136529	-14.0743823511105	2.59652023323115
-15.1075436029469	-14.1397630242059	2.60958019622017
-14.843710822238	-14.2710483362858	2.59488933265652
-14.6023729916425	-14.3726444997561	2.58200966782611
-14.3411981450878	-14.5293560676677	2.57590616838118
-14.1169639064812	-14.6656501144335	2.57836067508331
-13.8632162070221	-14.8615949660964	2.5977079839804
-13.7050473538895	-14.9524666369174	2.56864382944043
-13.3161376811722	-15.1079288940555	2.57518691980991
-13.1191202498616	-15.2229023205914	2.58987046863548
-12.8963990787669	-15.3334846589109	2.66711203802377
-12.6258279842086	-15.5062063159716	2.71634248648279
-12.3944608805553	-15.6325806459836	2.69038089128202
-12.1282351307402	-15.6941284275624	2.69090678914956
-11.7989509078402	-15.8242764801192	2.66930657070092
-11.515483542637	-15.9722579639655	2.68671340616
-11.3027055099362	-16.0964031658983	2.7314858570088
-11.0327608906591	-16.194635505444	2.71044715069399
-10.6804916742426	-16.2760307917231	2.66499990740136
-10.3150653542464	-16.4072237782007	2.69819365562487
-10.0134812567921	-16.5468507669169	2.7475046162911
-9.84409729758658	-16.6388214540473	2.79639808208635
-9.42844855047015	-16.7326539655433	2.78714362563016
-9.13315967056255	-16.7866067041906	2.72648973520235
-8.94844358262747	-16.8333245782544	2.77337266899159
-8.59256373073957	-16.9659880643207	2.82294934856992
-8.35146950019119	-17.0593607309173	2.84768395897549
-8.1301588902534	-17.0985558776441	2.81572679782755
-7.80929504620893	-17.1549443463282	2.73837706042469
-7.51291990159968	-17.2394915341547	2.69782262732957
-7.19275837940181	-17.3953923677759	2.70498030043051
-7.09181902358612	-17.4584229428957	2.72949243313513
-6.77618290469955	-17.5467726881688	2.67247835633771
-6.38164561496726	-17.6469926672689	2.60742658154524
-6.18212883053935	-17.7200317747175	2.64245108680176
-6.00080935135993	-17.8049972098391	2.67412622977578
-5.75565329556684	-17.9451322568404	2.74108699036798
-5.46247195833795	-18.0446389650805	2.72670877696744
-5.07636165961321	-18.1512472382489	2.66367590343219
-4.87814571900724	-18.2176467526162	2.64188170162768
-4.65316534923968	-18.3297826753441	2.68666838387964
-4.42156990567188	-18.4814891084504	2.72710604511326
-4.14087753845129	-18.5974076136331	2.69884562164031
-3.98428015644925	-18.6547050443888	2.70372945742007
-3.65480106167166	-18.7566500585165	2.72945258211545
-3.47107296967026	-18.8358656346076	2.85896535292673
-3.19353619628236	-18.9543321471461	3.07030411297955
-2.97702946898107	-19.0230983890427	-2.98651054756323
-2.69205615037596	-19.0026891220717	-2.87661417066032
-2.38192392891279	-18.8902233115282	-2.7955579930795
-2.18115305797044	-18.8371276071069	-2.7069810196675
-1.92694376567268	-18.7057489667024	-2.63566859450039
-1.68716748431096	-18.622560553926	-2.52095777737753
-1.38989484967677	-18.40421239374	-2.51053047601339
-1.20542412455237	-18.2421357088458	-2.52369104042085
-0.981549165310702	-18.0444563649575	-2.54823127929959
-0.718818715983489	-17.8463430253601	-2.50650572584716
-0.544496893046994	-17.7292333851671	-2.44099890510254
-0.283111586868887	-17.4945207292546	-2.40807721107582
-0.15987383819151	-17.3685461920288	-2.37934847437261
0.0136757125094357	-17.1487995726626	-2.39197015989423
0.233285056725665	-16.9429176355197	-2.30707455395084
0.465503656429658	-16.7154492680663	-2.25109659353575
0.65184181814046	-16.5164632839676	-2.22418439983974
0.839596384360587	-16.2370558484267	-2.24511919160233
0.959907939608753	-16.0235172533408	-2.30983683284574
1.07338843749128	-15.8604504010973	-2.29515748007555
1.2395854409806	-15.6713768720016	-2.2828130421056
1.43421696006855	-15.4631046697743	-2.19931925400408
1.59522720835444	-15.2214906638889	-2.21949758660474
1.76381317133807	-14.8431219419064	-2.23060293445336
1.86939951071659	-14.6417927073453	-2.19296734678921
1.99241639642145	-14.430444405346	-2.13548809242461
2.16313899196465	-14.1770875347961	-2.08148177468588
2.27580085545986	-13.9733167147639	-2.09253064546647
2.43279567760683	-13.5970159545756	-2.15966848416048
2.4812141274365	-13.4727047664984	-2.2072953528259
2.62889085277782	-13.237508747065	-2.18560318006016
2.83892638230693	-12.9749832249991	-2.16433202535296
3.01816928791865	-12.7101131630353	-2.15503406478105
3.1632074490927	-12.4395183375633	-2.19118188186266
3.28571424385041	-12.1803378322809	-2.23622113121224
3.77133703094294	-11.5715823180537	-2.13617878475975
4.11172229193183	-10.9827943467554	-2.25567814877109
4.6589660566978	-10.3236791193308	-2.16196734435909
5.01243693019055	-9.61766443551611	-2.20328154507568
5.47406927389646	-8.89142763882762	-1.98983945616077
5.73540275588197	-8.22407427082532	-2.01037335564258
6.09373688829504	-7.54160391185683	-1.86553805483799
6.2672018426155	-6.82258028288661	-1.68280991715467
6.41419019380258	-6.0768619057934	-1.31904293407588
6.22023325181527	-5.34856342409931	-1.39623902685262
6.06844479930372	-4.64459735891391	-1.48354076514651
5.99093760190188	-4.00124065323265	-1.72833108838175
6.08557950771583	-3.36931709298187	-1.4189202981174
5.87157593142453	-2.64158195110295	-0.725687566253119
5.40753395848419	-2.20629301968801	-0.451729338219418
4.60873899682444	-1.74110697708595	-0.469243877876756
3.98984842308942	-1.44458668390432	-0.509967215733892
3.34927204994538	-1.06043020238173	-0.292757639219223
2.63138446708318	-0.903488435768602	-0.253047495342195
1.93604467452496	-0.70981603872482	-0.0929206808280337
1.1786368803698	-0.672957461847828	-0.263989048419946
0.526702342821948	-0.500765888866124	-0.198372803723795
-0.0315811970640072	-0.494884971084234	-0.463195732641929
-0.416515908244071	-0.289705406544416	-0.48542624022644
-0.692590953959151	-0.318474511526456	-0.672929189032897
-0.76473454074854	-0.271956113027888	-0.763625772330174
-0.785243920450813	-0.278616255074142	-0.812449633314312
-0.783832833035993	-0.269039694468612	-0.798296047988942
-0.78120543366503	-0.262064280982938	-0.785620435912646
-0.78120543366503	-0.262064280982938	-0.785620435912646
-0.791827312245613	-0.265439611168276	-0.799353991309516
-0.791827312245613	-0.265439611168276	-0.799353991309516
-0.791827312245613	-0.265439611168276	-0.799353991309516
-0.78826717615887	-0.27486631386615	-0.812748176331315
-0.78826717615887	-0.27486631386615	-0.812748176331315
-0.78826717615887	-0.27486631386615	-0.812748176331315
