47.6941669131633	59.8568869196044	-1.05581701655318
0	0	0
0	0	0
0	0	0
0	0	0
0	0	0
0	0	0
0	0	0
0	0	0
0	0	0
0	0	0
0	0	0
0	0	0
0	0	0
0	0	0
0	0	0
0	0	0
0	0	0
0	0	0
0	0	0
0	0	0
0	0	0
0	0	0
0	0	0
0	0	0
0	0	0
0	0	0
0	0	0
0	0	0
0	0	0
0	0	0
0.00217832481296575	-0.000335738125065564	0
0.00404705718743209	7.59114993087451e-15	-6.46820923422275e-05
0.00427111085583846	-0.000337245756735472	-0.000644310335997433
0.013946596333795	0.000134963034642969	0.000357978868244624
0.0429454554053306	0.000704079514482436	0.00474605098125824
0.0683318488458075	-0.00420896464486019	-0.00523124850996148
0.0985239822838873	-0.00419067672262688	-0.00607528520489553
0.130040707974406	-0.00221142594367699	-0.00755456630201468
0.142270963170383	-0.000347930343405717	-0.00152245443964483
0.142120936193745	-0.00097282976054712	-0.000751010739713065
0.137938371459102	-0.00061542497533161	-0.00226544644295856
0.13077331742839	0.00163402937015496	0.00255617397701369
0.125368889957603	0.000771127090067672	-0.000708174126393235
0.118953981829746	-0.00028934149963538	-0.00155988258215234
0.113922571933723	0.00114859305623137	-0.00121300057679341
0.110711751501785	-0.00198018254641618	-0.00284167090978338
0.104110096657305	-0.000155654081065673	0.000729307391944323
0.104415444332719	0.00176498643114588	0.00459803936295033
0.103908120972007	-6.00581627472965e-05	-0.00114658017047287
0.105624625752928	0.00101036224648995	-0.000541421003631859
0.10369609843953	0.000472791010640079	0.00385953405946426
0.106272541495181	0.00087409041113428	0.0094006228478376
0.105282453358728	0.000602806293194112	0.00969833735432379
0.105233774338633	-0.000362393739286267	0.00904754931243157
0.105090896020516	0.00013207680331561	0.00619229926846487
0.103519361674932	-0.00232054375847028	0.000551670920107883
0.105819384196849	-1.14276714723721e-06	-0.00621530122239133
0.106389314280186	-0.00142626260949567	-0.0127401602885548
0.106288473244496	0.000347460591258363	-0.0170604540019748
0.10298489806778	0.000840230061616605	-0.0159457522357944
0.104742732584726	-0.00207602425493537	-0.0176130909050318
0.106382283663652	-0.00131593292863959	-0.0183676327018354
0.105070909573489	0.000138090114530136	-0.0108322344414449
0.106423013119191	0.000219307380318057	-0.0031128629772843
0.104367157161423	0.000299210226088809	0.00400489269402371
0.103939236062167	0.0014948837356821	0.00938121515848489
0.103951519234055	0.001052822298449	0.0153346255282725
0.104136877990847	0.00104385086283474	0.0230135812580505
0.103989678175128	0.000732158753954361	0.0277578658264608
0.104251307551869	0.000803024023564539	0.0327181480866368
0.103826791949997	0.00119186478441902	0.0396938439802933
0.105043872607957	0.0020119252362906	0.0466340485253117
0.107469569681734	0.00155781473452998	0.0514768760813989
0.106481280999567	0.00113799467610592	0.0476785657551628
0.104439646758575	0.000510050440370127	0.0467502827559697
0.105418397317774	0.00154042906264108	0.0497990175682936
0.106884525001634	0.00127830668135109	0.0494387851321658
0.105412405332617	0.00128262060378964	0.0507118589793363
0.0706606031056699	0.00155331558851066	0.0326304413046823
-0.00161946338742349	-0.00320290179431062	-0.00321940075732907
-1.87846197330889e-06	-0.000295162102642024	0.00085849689134343
0.00788689469686201	-4.39267243530135e-05	0.0010289124593994
0.0124791314320678	0.000795094367654781	0.00112101540419096
0.0194079076319891	-0.000918497664952677	0.00104788733489825
0.0213576913867193	0.000338473821526655	0.000367802668123085
0.0246555830657828	-0.000240517399068095	-0.000434767555781979
0.0290463669784257	-0.000343512056637529	0.000990743487945922
0.0342940525675913	0.000924182260111523	0.00275947737529603
0.0411242467874973	-0.00108393323102062	0.00219468181598848
0.0449067349192058	0.000649112013189349	0.00110308561213091
0.0445677433921441	-0.000453692944070293	-0.000823168121144247
0.0446505712873311	-0.000896549693242241	-0.0013262272324247
0.044314280240687	-0.000129431350002474	0.00118014085102602
0.0446727583526599	-0.00124260672460902	-0.00190469203470534
0.04490199892772	0.000287206447551355	0.00134265377097631
0.0441026057790711	0.000642011892624601	-0.00199974494279342
0.0444246879166742	4.79224507514281e-05	-0.00209981419647853
0.0440498955137438	-0.000695146391640308	-0.00289093749965075
0.0446271592107612	0.0009460024913138	-0.000793272415782864
0.0445567299754183	-0.000679226284708446	-0.000781237189581452
0.0448426495603298	0.000298856771064858	-4.14214022506076e-05
0.0429599093901345	0.00109366351999824	0.00357447281217704
0.0442822513952115	0.00203628852435577	0.00359364382404292
0.0425898789241486	-0.00038365740439858	-0.00143131764834048
0.044227689415165	-0.000334133967876418	0.00427307018811729
0.0443852955839934	-0.00136346749353523	6.34650765544142e-05
0.0442538737066729	0.000688166280551059	0.0028723131187951
0.0446994125695997	-0.00133996395304264	0.000294332265256214
0.00156177815057407	0.00175211335089589	-0.000352355434303897
-0.00111347748008131	0.000306604214040592	-0.00227224771925294
0.00240325384329089	-0.000339501450241913	-0.00131962064878566
8.16375936552492e-05	-0.000646804691444239	-0.000725824784798323
-6.16853437903839e-16	-4.51820005678227e-05	9.53842223172519e-05
-4.56624228329294e-05	-0.000625656459334822	0.000709722064444418
-0.000339369477079549	4.91937001345673e-05	0.00254889773061318
0.00017273140644908	-5.90960998445843e-05	0.00895175516124913
0.00050142146347115	-1.22838977194173e-06	0.0135368021721133
6.71852982809377e-05	3.08672828521754e-06	0.0206027091552052
0.000136675554561527	0.000336881647262815	0.0205864906464786
0.000408795232598145	8.03455213248077e-07	0.0234779623230685
0.00167087401863405	-0.00101437296851634	0.0175768119048151
-0.000113852856643408	0.000509994054571167	0.0158947334645083
0.000608660402079003	1.03008714564206e-05	0.00737070702271536
0.000335871877404416	-0.00084950321977118	0.00284467544297085
-9.31373445760382e-05	-0.000335850318478415	-0.00129902675810717
0.000196665204387627	-0.00034858636822796	-0.00847725218969564
0.000245414077340965	0.000247123452002588	-0.0156660502284793
0.000177116931413045	-0.00129334443972405	-0.0218527856489535
-0.00028905018919481	-0.00187335263350796	-0.0267534582608927
0.000919630326648407	0.000825474136689677	-0.0326252156699819
0.000244514622569017	0.00241355581807365	-0.0430931762343474
-0.00102225042415961	-0.000665766061958596	-0.0442618782351266
-3.0256542068194e-05	0.000232984188661773	-0.0446676657230533
1.45264995519709e-05	-0.00124139783597321	-0.040014658635055
0	0	0.000729443445474653
0.00241606560015698	-5.2324931954905e-07	-0.000708129037978344
0.0072096987759328	0.00033928252471346	0.00141723810238781
0.016168020723939	0.000261736011719931	0.000276276898073524
0.0185565981829965	0.0016358913443043	-0.00126971331146841
0.0288657669166587	-0.00156782198268199	-0.00183852849490596
0.0311609557926571	0.000148724762684323	0.00103577967984148
0.0329238347897585	-0.000108606868034315	-0.00142624367814903
0.0320836155510325	-0.000828252002671693	-0.000959664816373662
0.0325822735464333	-0.000589715735974935	-0.00126805243894912
0.032394453808922	0.000154545002736293	-0.00074416059495741
0.0316332907881779	2.77153986894298e-05	-0.000965633185829429
0.0327969307628179	0.00052517470406321	0.0012333364541568
0.030060526963345	0.00137032633209027	0.00418779508144873
0.031979742965122	-0.000674812919623551	0.000346693284962618
0.0321575515818135	-0.0008613126097912	-0.000376554725644795
0.0322132719336392	0.000690532818294901	0.000712126838116833
0.0358746201503522	0.000366370068944948	1.58909336345214e-05
0.039401686456198	-0.000371168623025657	6.1235618540656e-05
0.0432065102912507	0.000295205978172189	-0.00130893324959169
0.0443542671964251	-0.000279450218831891	-0.000443213072723547
0.0437183390376427	0.000855003720879106	0.00204993051949609
0.0437914968846062	0.000326603056324069	0.000948574436277938
0.0459655088485579	-0.00194528058523595	-0.00386289421302832
0.0427586788152817	-0.000104646362526366	0.00231776060420696
0.0440335340907387	0.000200220037476322	-0.000107468873622008
0.0430780346536311	0.000604179947547117	-4.8144916110604e-05
0.0429956892803859	-0.00101969764787118	-0.000707922317195853
0.0455124566281508	-0.000217691890744436	0.000880764682762325
0.0530085918786273	-0.000449242728448648	0.00034152980727975
0.0551264539171108	0.00114702417866683	0.00186538251744517
0.0619390066581399	-0.000733273830580521	-0.00241914627580342
0.0596129044675925	0.00126685365047398	0.00471795305605616
0.0588064138513422	0.000283245565575459	0.00194949056311799
0.0600333898645608	0.000390649586809587	0.00143443338892713
0.0600994295467362	0.000902742091389991	-0.000234545657588514
0.0592926694674109	0.000258067504132653	0.0014557148666352
0.0600145005382144	-0.000223245865201626	-0.000219059859786985
0.0601301643877603	0.000695326773174552	0.00142256086354065
0.0596564099888184	0.000812343950887816	0.00102385824871642
0.0610978649081362	-0.000381906060459802	0.000331107998578384
0.060597974962041	-0.00162629750671396	-0.00317150270650046
0.0599528631774836	-0.00113339394020977	-0.00182887715532043
0.0612748748344602	-0.00169304663968612	-0.00254323126659606
0.0596738644214812	-8.68234711275777e-05	0.000524751954700808
0.0614114962192432	-1.31755216271484e-05	-0.000681739826699279
0.0604608057849433	0.000682848511463423	0.000180674230555011
0.0609122510079584	0.000692276066335405	0.000707879113663212
0.0601615381929918	0.000975506845325092	0.00186475738492464
0.0595891782320161	0.00157505646812034	0.00327214382578844
0.059408991181396	0.000662978892625284	0.00190011278814994
0.0594149917225642	0.000904514484478008	0.00132556758174018
0.0600182684704914	0.000429910432164379	0.00156228068379105
0.0608690498312809	0.000430837403677907	0.000862061668342684
0.0589556981169193	0.00211406930044246	0.00356834871398248
0.0613841049684603	0.000335652076773864	0
0.0592759643754243	0.000998805471439324	0.00196858149644896
0.0608384524660045	-0.000254329237169278	-0.00114080632439761
0.0607800023625557	-0.000401879640786942	-0.000179050901039868
0.0573791313429205	7.34523017687921e-05	0.00456090761277483
0.0623429601086905	-0.00158630001897255	-0.000863125504100171
0.060497359095498	-0.00128439774778103	-0.00188873918221988
0.0610161278911269	-0.0001190696226804	-0.00162066162113217
0.061284454157239	0.00035384246687516	0.00131934460343008
0.0624483821192338	-0.000711388819287086	-0.0020452254946588
0.0601858189135688	-0.00198540582030295	-0.00210517633607221
0.0519254731260541	0.00163899063109882	0.006273626520513
0.0557246561218273	0.00864059935267658	0.00933905591589324
0.0570195995389561	0.0039882174448175	0.00651141440673675
0.0615162967583587	0.000656307881996866	-4.6407997467135e-07
0.0646325017203334	-0.000380041506367064	-0.000678270805435699
0.057273449863554	0.00133270676368953	0.00204054248264118
0.062980577192773	0.000577300927215137	-0.00564085669513481
0.0585838066180509	-0.000275661558945307	0.000841028605190419
0.0584880404015315	0.00310189162175397	0.00628117836500819
0.0611058402572381	-2.05529305910626e-05	-0.00067203102833735
0.0606620272319588	0.000618168276820985	0.000640988159963829
0.0621124966201457	0.000334650980141026	-0.000617517899698439
0.0623965756688142	-0.000262153833029244	-0.00218187298233696
0.062836598291177	0.000683712979058188	-0.00188079198726565
0.0600547357500816	0.00129455270934866	0.00253274128923964
0.0610257590905244	-7.60550380039041e-05	-0.00149962877646659
0.0577806349853499	0.00136073998848375	0.00367050704959659
0.0596337183130339	0.000821120909126536	0.000190375381201369
0.0597324875621208	0.000198962523152532	-0.00151911282230233
0.0601921667614507	0.000197533259578095	-0.000966663094598363
0.0593435849257372	0.00198289553634147	0.00263895030073069
0.0606933417416096	0.000709762873185402	3.50620076549069e-05
0.0599981636493159	-0.000936779116077185	-0.00126596255535938
0.0619428887719545	-0.000255001861949815	-0.00155089861750479
0.0586665785930448	0.00112406608951082	0.0027045360729766
0.0616755701448154	-0.000499231206149208	-0.00228321451921998
0.0596453112295285	-2.990026162197e-05	0.000501031970966959
0.0603164512389209	0.000542821816130405	-0.00105058365869504
0.0605901469274956	0.000439560633783181	0.0012600249392829
0.0624549567953203	-0.00103668791415431	-0.00142490634680092
0.0617268508023876	-0.000403810884111823	0.000618704365958678
0.0610323732209539	-5.4138669571744e-05	0.00103610558668665
0.0613542769845009	-0.000134663306799017	-0.000270572071729203
0.0615222590000395	0.000159253795860265	0.00122549283002371
0.0624805985500423	-0.000534467140488288	2.4620105929074e-05
0.0614110344681504	-0.00110075505035783	-0.00191386562214368
0.0616452995789901	-0.000797645300404923	-0.000968841915440333
0.061781219987368	-0.000494232687431703	-0.0021453563292817
0.0619805515520254	-0.0012647613136026	-0.00258589996393543
0.0622626989659562	-0.0010465500038069	-0.00256818578383855
0.0600664468697326	-0.00109649853910058	-0.00198552079090875
0.0608328935694099	-0.000942159189672172	-0.00358736787585867
0.0600789120372636	9.33779189447176e-05	-0.000315357413016137
0.059923520351638	-0.000383364781665733	-0.00231778612082945
0.0610891103501613	-0.000796426194098979	-0.00234021133375095
0.0608371153379098	-0.00239372563061996	-0.00398164771911147
0.0607236118098161	-0.00298696330221168	-0.00250190094028402
0.0602104381110255	-0.00239459820426794	-0.00460514280305835
0.0603627073300846	-0.00433494809730212	-0.00502292161383089
0.0602307574947462	-0.00192387879300248	-0.00506609668453362
0.0601467394010305	-0.000218176465831041	-0.00280441057297887
0.0595292946190481	0.000503169828694045	0.000386518670814073
0.0600476681925885	0.000327190248677073	-0.000334291062764058
0.0579841405848278	0.00180584862260256	0.00513970186643731
0.0574500209596712	0.00107242252149689	0.00375782757284504
0.0591042809994009	0.000121584991467971	0.0021692889162771
0.0610445894039782	-0.00164181114883482	-0.001428716744167
0.059881936617023	0.00053700221761651	0.00052458900494301
0.0615868953583126	-0.000572667371565787	-0.00161037081079007
0.0606078875233186	-0.00115261283936659	-0.00479135273285114
0.0618910965189617	0.000566832394543457	-0.00137529653793456
0.0643194332127521	-0.000164612821200283	-0.00178753305040869
0.0676831758333206	-0.000190134264783016	-0.00315603112848062
0.0688467479015343	-0.00147644798782591	-0.0015357605422448
0.0666992706061474	-0.00227780825368518	-0.00186267398377449
0.0676680530965628	0.000154465748246062	-0.000451332662227744
0.069549636500715	0.0010509118824508	-0.000736295922187602
0.0713361266262871	-0.00247265961074734	-0.00218194634655755
0.073499125460915	0.00198129221261968	0.000371713656480921
0.0750664526473426	0.00023581897516764	-0.000780463025379041
0.0781585221481618	0.000555753365077197	0.00325898867066576
0.0809103635267021	-0.00101056045156598	-0.0021490025493599
0.0826399628585356	-0.00057686802161535	-0.000919302091851204
0.0838567423727658	0.000480731630289728	0.000958882765568991
0.0831613828556854	-0.000969724166086816	-0.00044702537428809
0.0834350038979535	-0.000631707700170542	0.00022029250281308
0.0817272077903188	0.00202419493544719	0.00425385263365174
0.0854576844460222	-0.00282657269022408	-0.00267485024041669
0.0853267066809679	-0.000983339166851109	-0.00401889857271343
0.0853932412637198	0.000252043885044351	-0.000797563355756759
0.083810424527892	0.000202818158717366	-0.000304953114569906
0.0863516725724369	-0.000631242456857209	-0.000884281009955634
0.0851209186774639	-0.000484321352630428	-0.00126776919297911
0.0835361242893991	0.000800817454616819	0.00197353733884098
0.0847565393626519	0.000711696484315745	0.000732611664206573
0.0830133126210811	0.000680189896392985	0.00181593258901314
0.0833730944610437	-0.000491553307998306	-0.000772725827998477
0.0856987832780813	-0.000543990155102501	-0.00102175367908341
0.0839870615515538	-0.000113987907815936	0.000865628864268997
0.0843085039439641	-7.53705798830079e-05	0.000298750294317585
0.0842776471221342	4.45186466954545e-05	-0.000298862165643121
0.083878488531546	0.000799004520982083	0.00144131499434652
0.0826653179858409	0.00108673079781521	0.00229420941652692
0.0848837901462343	0.000142497594115006	-0.00158656876613206
0.0855882602754042	-0.000489896878405428	0.000606132945284776
0.0833075528061911	0.00021053854793239	0.000944835349119377
0.0830409932707372	0.000692114107635762	0.00115545958977681
0.0828755275538874	9.52742267060561e-05	0.000340080229074613
0.0857600507138322	-0.000323602606284328	0.000133916652857669
0.0877121564388018	3.9961428542408e-05	0.000153820805907756
0.0873255834067813	0.000336504329847595	0.000741835000375612
0.0887558382586966	-0.000342608460728547	-0.00190511177209784
0.0888790690732354	-0.000969590406607511	-0.00202680297639501
0.0889130431283744	-0.000387591396116216	0.000514379016113398
0.0893360698969374	-0.000945646957572807	-0.00185457458966032
0.0902902379518938	-0.0014409249953365	-0.00216277392503261
0.0883720955711348	-0.000375230071360699	0.000490533676012039
0.0903531747342575	0.000313892741553669	0.000732310865168118
0.0854650592304532	0.000881964375352304	0.000962378771082628
0.0902791771448329	-0.00066705668956836	-0.000151232579935101
0.0875044338002044	3.88398505992149e-05	-0.000635874692893057
0.0879593404276962	0.000290085194308183	0.000609241615675216
0.0903378826054786	-0.000605150909127786	-0.000693421219473578
0.0882364859158339	0.000913898131154924	0.00200969980331356
0.0888204259129858	8.24862141493576e-05	0.000809758923891013
0.0887014119971065	-0.000621200751891864	-0.00209632323092979
0.0870390916451492	0.00112247061028799	0.00209829733386935
0.0887966084086247	6.51211542852803e-05	-8.29594566453817e-06
0.0864004768971464	0.00142508032388699	0.00209127320836777
0.0893151665273204	-3.91212024680176e-05	-0.000716621147971663
0.0893386993031906	-0.000327189440602484	0.000643229441752768
0.088336198959619	0.000329870142276041	0.00087631894096718
0.0897375972426215	-0.000756249669824786	-0.00209363056567913
0.0893389293245447	-0.000324788069362626	4.05974570489853e-05
0.0869136936342323	0.0016617202298548	0.00342614525245799
0.0890043841125875	-0.00107014421218017	-0.0020250642983749
0.0873772191874445	0.000622267945794369	0.000500910881869432
0.0877007164146465	0.00023948726931794	-0.000832499415073129
0.0893102867765572	-0.00115056671965558	-0.00280708316952349
0.0892697870013281	-0.000736741802431724	-0.00128702144237791
0.0893335413291902	-0.000570003013983071	-0.00100213408574334
0.0880797669106047	0.000387249917020487	2.98041506785474e-06
0.0885703675723636	0.00012857667274209	0.000747724066625266
0.0888672903905718	0.00047860135098407	0.00186730351705577
0.0879465331602098	0.000592963248234372	0.00158312714598907
0.086979612446165	0.000696176553792484	0.000881924531913936
0.0879467939285695	0.00034412803147893	0.00139842143094404
0.0876690086376583	7.13001082074879e-05	-0.000887435449656193
0.088020101576418	-0.000511344162895555	-0.00140597271517295
0.087756495672905	-5.55780043244997e-05	-0.000853192856473561
0.089271335176223	-0.00105558129806423	-0.00469385029527292
0.0878130579894773	-0.000138297536248881	-0.00104504349487933
0.0881880684762046	-0.00035211012187969	-0.00125675910464262
0.0892570443891009	-0.000665188713882388	-0.00228177005848285
0.0886309893615278	0.00128386874632511	0.00207576116983821
0.0878007216189714	-0.000197456842431665	-0.00285723388741088
0.0896964667401741	-0.00109157195859651	-0.00198146756607265
0.0880249235572783	0.000780888066480051	0.00293506966973345
0.0881325167729536	0.000605913442116794	0.00122052111713233
0.0889210974104353	-0.000460319956144685	-0.00117921757279882
0.0889689509084466	-0.000729754772651282	-0.00165516606715366
0.0900287626122473	-0.000380524925870852	-0.000733679024886635
0.0878388370335544	-0.00122294301325229	-0.00141874805056197
0.0878838843509723	-9.35259951048012e-05	0
0.0869787720175124	0.00109913255570946	0.000283339033500751
0.0880409618635667	-0.000892168844663449	-0.00242773695824905
0.0874808045206753	0.00169940662423505	0.00458383354314151
0.0882288863441799	0.00118885803143582	0.00115806224795589
0.087458906967058	0.00206707253464914	0.00268130836916092
0.0892526138493744	-0.000412646342690282	-0.00010092958356378
0.0888078303932178	0.000165755860775628	0.000722484594265271
0.0879458958934951	-0.000513649295347446	-0.00104909543021214
0.0885838011866513	-0.000742059508870678	-0.00146324440090351
0.0876078112452261	0.000328549870896797	-0.000352283678907273
0.0879798734159055	0.000841689998531389	0.00071327439751756
0.088949899733356	-0.000858875348037455	-0.000732654971619562
0.0879342203097045	0.00023127044677141	0.000753072806791821
0.0893831207854803	-0.00089394335815305	-0.00173072098173865
0.0885531863679032	0.000210251449831757	0.000453226508542515
0.0898791832313245	-0.000729850182344345	-0.000388584621958454
0.0894532083828911	-0.000815127938227286	1.06048732891884e-05
0.0892030504097301	0.000146555153615252	-0.000149323316911643
0.0902116219050886	-0.00124258610758717	-0.00325484180006197
0.0891375820135162	-0.000334443152039197	0.000176396707014859
0.0886442373127763	-0.000445281994908509	-0.000704193290296584
0.088276646239836	-0.000563977051598531	-0.000713666036350591
0.0893066631843925	-0.00119736986408895	-0.00336538770524952
0.088443951669173	-0.000581993943842271	-0.000441687787466005
0.0896803036986085	-0.000272796469791045	-0.00175590244677393
0.0885662457764231	-0.000971435367254997	-0.000522072894489134
0.0889384932584844	-0.000115394809973988	-0.00269627512916581
0.0892839049125328	0.000235810651992775	-6.47518037856232e-05
0.0875029501584211	0.000344563364001051	-0.00124408922029284
0.0878099948646953	0.00125510862629954	0.00236750058020274
0.0887097644551557	0.000431298027674387	0.000589747051724654
0.0892262941297127	0.000252988548421998	0.000138763873731129
0.0873637875869671	0.00101665429628876	0.00215453744703265
0.0880453931319303	0.000838864658189463	0.00262301206304438
0.0884806227309557	-0.00040038657085141	-0.00214436824962227
0.0879341153901411	3.93445345533427e-05	0.000254065568618622
0.0873477919671205	0.000367018873399051	0.000200402347710904
0.0888396032018813	6.28708182067242e-05	0.000613567534844317
0.0883140009462601	-0.000611328590513445	7.57345072265325e-05
0.0560996367860825	-0.00466734998246273	-0.0149118269929875
-0.00224690267088586	-0.00116324945551866	-0.00278602641636461
-0.00221998784024108	-0.000298974880855537	0.00190533823332462
0.00044869359262851	-2.82195273379147e-05	0
-0.000335774499899778	0.000335774499901011	0.00137301381350163
-1.63786315009044e-05	0.000335736645238327	0.00142651507574842
1.6559555698107e-05	-0.000335696801245614	0.00694752602008553
0.000987898389302162	4.36387732416271e-06	0.0135326239822693
1.87795329539189e-05	-1.30233269979136e-07	0.0185205547841152
-0.000675579484576221	-0.000688961553256374	0.0278585182212333
0.00035117931308168	0.000309093807078711	0.0322144398720002
-0.000998766361756752	-0.000694890401184117	0.0366187696828646
0.0016792912334166	3.98955613150698e-06	0.0445410548922655
0.000335218766868136	-0.000311849372635039	0.0443812439511858
0.000348147372721866	0.000350069365085092	0.0422724879682779
-7.21860556497121e-06	-7.84835647877951e-06	0.0422385033919954
0.00104114305469438	-0.00099309179378776	0.0400726426657273
0.000332401272063992	0.000621489401695535	0.0318573065769094
0.000376636024920883	-0.00100052973589935	0.0280166442588314
0.000629862064962187	-0.00130512606403094	0.018538429349725
1.36900036519331e-05	-1.21602877875925e-05	0.014893908837689
2.64734988038441e-05	-0.000680620314210365	0.00845102868644299
0.000311058515719103	-0.000311155139861794	0.00338854994985954
-0.000334832730261487	-0.000355448258133283	-0.00167511489621258
0.000393255060839526	-0.00099927564379189	-0.00932944300180305
0.000602220735165849	-0.000325264386212467	-0.0100593307243392
-0.000671181400512212	-1.10963871217038e-05	-0.0077609105753112
-0.00026429626019387	0.000627753818343629	-0.0124500400023665
0.000310332846215539	-0.000305248534101454	-0.0188910477966521
0.000577976738191381	0.000368129647188237	-0.0246586223052899
-0.00130020940525568	0.00028482066655259	-0.0295889855310177
0.000640640823330059	-0.000655219488246829	-0.0371472165805906
3.14454466529714e-05	-0.000516973055449249	-0.0439361534103783
-0.000390995338363637	0.000616530282733175	-0.0499085050705831
-0.00101321854767407	-0.000842806868023878	-0.0562957893124312
0.00101926296779085	-0.000621117001138951	-0.0642520679478393
-0.000431810343826498	1.5399960885783e-05	-0.0677071792932104
-0.00100669094162222	0.000571876158083803	-0.0752608049198964
-0.000198394372927635	0.000443016487916325	-0.0777454772522878
0.000945192547205361	-0.000136296175574984	-0.0878382402470596
0.000203473653899024	-0.00118489807436142	-0.0926238089873561
-0.000288220980166448	0.000203832027171702	-0.0957631902797675
-9.65135822763274e-05	0.000193032785458373	-0.0958320822667771
-0.00134266035612531	0.00131490854043504	-0.0944592222907787
-0.000828772733164428	-0.000354762758967392	-0.0963933138160511
-0.000734607808794692	0.000443691493330699	-0.0983686668608887
-0.000144102048040968	0.000175146666071234	-0.096396303498387
0.0011945657622718	-2.07512337865749e-05	-0.101211356437417
-0.000500234984846016	0.000607022400549446	-0.0938827279780519
0.000775001773238669	-0.000338819284089481	-0.10119341463579
8.08801696585813e-05	-0.000354949535007845	-0.0970330423854548
-6.59761195094825e-05	0.000247773087022441	-0.0975765330936227
-2.09955393279295e-06	-0.000613151403635786	-0.0954151396655902
-0.0018665124346847	0.00216561330116459	-0.0443505179653911
0.000347096644593569	-0.000173548322303118	-0.000366379787284821
0.00413475682906975	-0.000164090007320788	0.000590485913662508
0.0107104357624338	4.49579710626834e-06	0.00161656231668061
0.0146969988283846	-0.000252446666591072	-0.000917248327933606
0.0238485358555476	-0.00041658347445658	0.00142338250870022
0.0272640462884234	0.000106418441945436	0.000718923607126332
0.0327696267667981	-0.000183795365004413	0.00120986860887751
0.037757975915609	-0.000484152022093887	0.000316129676583898
0.041816681078761	-4.12445451598957e-05	-0.00299874808714984
0.0454668093934601	-3.67873035584526e-06	-0.000940654586177203
0.0439603219737083	-0.000779422553434325	-0.000490373006914346
0.0434890362720967	0.000351153703474025	0.000974608729448434
0.0443605145257104	-1.61539520528407e-05	-0.00119230595353903
0.0434216686406665	0.000681767670367723	0.00141799484798089
0.0444308684611478	-0.000901042888784561	-0.000945495227087534
0.0439004866668456	0.00046356228077751	0.000238416090894145
0.0444839887489908	-0.000454355430137464	-0.00169055277021046
0.0442577748993086	0.000675940954501013	-0.000715490848283817
0.0443509642084381	-0.00055777166489563	-0.000359782205001213
0.0432600298441247	0.000329966110375276	0.00107935462235931
0.0453659986963616	-0.00106796227088055	-0.00103924696748647
0.0520297757977186	0.000846361937317609	-0.00041207419137379
0.0545177064651895	0.000688414508978618	0.00101230675463304
0.059119017346869	0.000944229829706853	0
0.0592136275095152	0.000738760014486844	0
0.0583732449718842	0.000371637913048974	0.00147060537253196
0.0571912731293617	0.000920592338835187	0.000622752100319257
0.0569456798050468	0.00210083083724311	0.00114185557324342
0.0564834953150502	0.00237660263389041	0.00386501990107746
0.0565801735525701	0.00211654285943729	0.00256877269263933
0.0575402168437672	0.0022474374323278	0.00289431699698683
0.0593960546640646	0.00157072800764185	0.00147257124659772
0.0596310654745787	0.000711457899029079	0.00108867304038363
0.0594087559688756	0.000346281522851998	0.000708672883770856
0.0600052117913667	0.000335617215735051	-0.000718911666128808
0.060366945963726	0.0012028812896483	0.00144997168320504
0.0610437151999035	0.000534039055292278	0.00106982321444127
0.0629098013809648	-1.06740859218447e-05	-0.000336331519045885
0.0629550115404754	-0.00106522634571242	-0.00258787293185492
0.0615152271517998	-0.00172742800414839	-0.00345558840187543
0.0626032941617307	-0.00140610734635502	-0.00287599106975245
0.060813457648344	-0.000825210395330674	-0.000696291138911231
0.0616405381357236	-0.00156248899153528	-0.00181068486495706
0.0606703243262701	-0.000150538627321423	-0.000693611604690503
0.0592653528199247	0.000190753906798843	0.000493345440246262
0.0601100978582719	0.000214373904005288	0.00074641239900064
0.0589260537969638	-0.00019591867924755	-0.000407418424505313
0.0579915911299444	-0.000694927862875807	-0.000285577137909776
0.0596504940028866	0.000427373314063659	0.00104293395776089
0.0595450809467162	0.000123939890947007	-0.000297877493763643
0.0604365413553666	-0.000600235674943113	-0.000120423885684673
0.0615577504400216	-0.000709649700411239	-0.000290285400248891
0.0611288832526459	-0.00101492243563926	-0.00156237009214966
0.0613188883615622	-0.00152975737165925	-0.00355764931537061
0.0612213372366776	-0.000496759553890159	-0.00126931414973486
0.0626309858238836	-0.000775647864925622	-0.00207303427300332
0.0625189114208934	-0.00195405996535481	-0.0035451933757531
0.0634252907755182	-0.00153647666181481	-0.00312878865795607
0.0626091375365114	-0.00162714548349117	-0.00356768382322414
0.0615465372142385	-0.000499519550515928	-0.00027050190353517
0.0613978923832876	-0.000792506157442391	-0.00140014710615377
0.0612339282995757	-0.00022670318278236	0.000245956306377249
0.0605343556859994	0.00060907665939338	0.0012075480508642
0.0603769613522154	-0.000345329934096385	-0.000231146491674661
0.0607300959606757	-0.000439240523088615	0.00118403798634192
0.0600151426195483	-0.000358849898095689	-0.00172049496181659
0.0574784854726303	0.000356368410393899	0.000518385209149486
0.0579285823820938	-0.000349736428417808	-0.000204269153309511
0.0586558584798945	-8.87604568458947e-06	-0.000503795104172866
0.0580020990188661	-0.000350964751096479	-0.00122595735634423
0.0581966464548416	8.22836186576935e-05	-0.000191394540613565
0.0594305585543124	2.46615928126311e-05	0.00126271108114162
0.0599753480740254	0.000173674068128439	0.000178986596751862
0.0606936566384119	0.000585444183130956	0.000922533086508803
0.0605181288213546	9.05649391966662e-05	0.000357904721803415
0.059414452381156	0.000690810168476916	0.000739266980930964
0.0627250183034154	-0.000182267202011914	-0.000395951667650607
0.0636707312637238	-0.000538045021432579	-0.00116427334021729
0.0625325198614621	-0.00111431970841694	-0.00171058014683778
0.062831604738773	-0.00108171246177608	-0.00193422615377647
0.0625363510169259	-0.00167987284180401	-0.00238173221738824
0.0627737258712835	-0.000514361418153662	0.000384839697864958
0.0649951793939815	-0.00129073526698206	-0.00183575822574733
0.0634579618894961	-0.00168723826059146	-0.00343181799505921
0.0646278932063611	-0.00271158395530015	-0.00554032992453113
0.0635252956891459	-0.00182497598601051	-0.00241487030202814
0.062879079292694	-0.00107159307812866	-0.00142133006685441
0.0614085960794995	-0.00135222874833017	-0.00213353059473143
0.0617372433374049	-0.0013673183836415	-0.00141986618443557
0.0603357582621618	-0.000779177039027107	-0.00148843572284241
0.058527141849659	-3.06270179510626e-05	0.000668562008689921
0.0580037414044829	0.000682192326228521	0.00210398254860378
0.0589173899461739	0.000423064150636941	0.00084399787772238
0.0589729229992782	0.00175554449537618	0.00286275125978408
0.0599904408854416	0.000423674082340744	0.000101993230145148
0.0603224558028734	0.000320244471124394	-6.03261126252974e-05
0.0597740844441276	-0.00189188152532136	0.00146983602011419
0.0607438175359568	0.00101590886997908	0.00139356199907059
0.0598650148538604	0.00032604736779656	0.00212960033810461
0.0583130757693158	-0.000606272848467277	0.00433767569360111
0.058642800078896	-0.000634343466126275	0.00284259934339337
0.059080046753005	-0.00449830004964152	-0.00140134974646466
0.0612780884091664	-0.00330568593566085	0.000685110122149446
0.0620729318588567	-0.00104831547582627	-0.00146064473462282
0.0615779242989005	-0.00101590001806998	-0.00205558438691877
0.061043943556915	-0.000406070888453534	-9.82467229966311e-05
0.0612963654539506	-0.000654058206916285	-0.00208367193353354
0.0616796567196716	-0.00143973136631749	-0.00292829740355183
0.0619519887211748	-0.00173117895342849	-0.00348662415641021
0.0617817049733666	-0.00129893244482135	-0.00134744289423638
0.0599723721817801	-0.000380996494534741	-0.000798740312948798
0.0583874625175315	0.000139664474662397	0.00112995576589014
0.0581661582791439	0.00143843716096986	0.00422018159058135
0.0573685251558691	0.000675202032097665	0.00219098429901488
0.0575607910368264	0.000447285226148012	0.00146179308292549
0.0575215565046705	0.000777954093808545	0.0014413425360682
0.0587792567767036	0.000589549007716319	0.0013237300084139
0.0578452961369299	-0.000106122300539978	-0.000392211081886806
0.0599429304898032	-1.88337065421991e-05	0.000130208518257291
0.0601801611196788	-0.000421177534000405	-0.00085283047308149
0.0603340089678436	-0.000233969083715375	-0.000985722014581025
0.0612700298736286	-0.00065818046182468	1.43338667286663e-05
0.0602326477227013	-0.000514261324780201	-0.00070745717628995
0.0561920316752097	-8.38344938723611e-05	-0.00263339863621415
0.0023019451165107	-0.00236020967027092	-0.00555758139612861
8.15080894423891e-05	-0.000924771407493649	-0.000539776025303862
0.000421808410824371	0.000169720729584411	-0.000177395032901817
0.000253608344480336	-1.51100741840678e-06	0.000358823190599988
1.63335016331064e-06	-0.000249812064900876	0.00123603541511041
0.000156942993504293	0.000335630048293384	0.00128395466226872
-0.000389806722917562	-0.000524553727741698	0.00536857067963803
0.000392225183281438	-6.04244103361152e-05	0.0128319662590393
8.41154380802424e-05	0.000683836783588909	0.0198397897807348
0.000437845500509958	-0.000615692724271154	0.0262660266749726
-0.000456847050669861	0.00051169191775236	0.0329804227359958
0.00147539958911761	-7.09748997512496e-05	0.0370842022615587
-0.000671248582312744	0.000171505732499763	0.0460854194110882
0.000923496693104779	0.000121550772263674	0.0462133198660339
-0.000116991043641667	4.23788885832064e-05	0.0584921522547459
0.00034050014220451	-0.000350947113295177	0.0602262615989733
0.000796232784015041	-0.000531229746897294	0.0682654955820492
0.000530077652183348	0.000316178365846567	0.0771534125888469
-0.00154962367737841	0.000212218180060979	0.0821911026642042
0.0002095145509365	0.00043088863824931	0.0872967646563148
-0.000759193124649237	-9.40145875140284e-05	0.0941194762926707
0.0015472893240143	-0.000122260121183894	0.0998043456436171
-0.00150279166817132	-0.000341801566931227	0.103200943749736
0.000856303132425499	-0.000806291924282855	0.098022971974556
0.000378613057911615	-0.00106119305028649	0.10096552768674
-0.00106492519174876	0.000375384915869917	0.102351691306724
-0.000418425544968995	0.000749151941900707	0.102623167678763
0.000271754846885735	-0.000764457880849747	0.0992623569981056
0.000736458116833625	0.000245045392272401	0.0991098928457069
0.000286432276190824	0.000786116811574703	0.102545699322428
-0.000458453754946005	-0.000312610359306265	0.0987260682142951
4.20219002668102e-06	0.000393470412853556	0.101382099306984
-0.00126771805796093	0.000347372340849446	0.100605804343196
0.000533806054301213	-0.000357587936797329	0.0986321325182641
-0.00023409870717862	-3.87480424215936e-05	0.103605765776038
-0.000398891430734578	-0.000196625652774616	0.100407911656803
0.000424456357572828	0.00112074282420801	0.102380001255076
-7.25800813289799e-05	0.000360952706214902	0.102597959359187
0.000231387319615609	3.74317590153835e-05	0.0995572196250611
0.000830477714675455	-0.000215656589578477	0.102657694970762
-9.13885603629139e-05	0.000287050475778978	0.101674833849558
0.0013064712050183	-0.00120328849175212	0.100132567356726
0.000390135472690073	-0.00235386966485673	0.0843150828093089
-9.20314798672628e-06	-0.000181092663597129	0.00293321845874561
-7.4800153826157e-05	0.00067270851231197	0.00141837458838445
0.00713267200589674	-0.000348732906152873	-0.000401619765974748
0.0125766510585683	5.93790525279386e-06	0.00110989843331588
0.0191038602276647	-0.00102569628119966	-0.00177153311444023
0.0229118918893516	0.000205729771831272	0.000747563696555043
0.0291439231160678	-0.000379259560876135	0.000655917567187969
0.0344620826470023	0.000541761806130654	0.0028705182789156
0.039835613280012	0.000145268427480885	-0.00107776946124627
0.0452457806331922	-0.000150675275212349	1.83625527587772e-05
0.0490604847444274	0.000137125784637392	-0.00141993301602339
0.0570853394131522	0.000715664559939932	0.00285860782068603
0.0565441681748558	0.00206619147225668	0.00323306930272271
0.0639101399425639	0.00174561887839911	0.00173716013455349
0.0651776044668198	-1.2304932136907e-05	-0.00106541980411212
0.065669193032422	-0.000387420675335037	-0.00218486255686545
0.0656128635675386	-0.00176207793456572	-0.00255835320447173
0.0633083898990864	0.00058061073678704	0.0019571601425219
0.0207136039363033	-0.00139323490402228	-0.00622398665443169
-0.00357857312525201	0.00141222414593644	0.0040744509452072
0.00150007423268733	-2.78718612296275e-05	0.000650951987480441
0.000145235365392995	-0.000258320089054109	0.000306440937279162
-0.000383343030063257	-7.79072015975866e-05	0.00343999018057506
0.000451396333263452	-0.000192603786996801	0.00881096558634442
0.000276063534702925	0.000410461257513904	0.0185957639372057
0.00020085328103517	0.00014576489997026	0.0219431654499082
0.000683763968484405	0.000131430238893176	0.0305394049144537
0.000353146056404455	-0.000347048757378751	0.0294007680065886
0.000598849210721868	-0.000268896114558808	0.0305693972362489
0.000423682227462881	0.000140051358203766	0.0304527586832788
0.000128402485779909	-1.21457331737164e-06	0.00554818646633981
0.00264651525937562	0.000336371566446623	0.000708167153738337
0.00763449640464292	0.000347094652860233	0
0.00756939861742652	0.000218605077397564	0.000220357626129486
0.0181453902786916	0.000458808775814286	-0.000462345871384495
0.0244664730119794	-0.000565477084550858	-0.000490448878661676
0.0235966990783462	0.000228644031019893	0.00119239156632955
0.02808763085153	0.000114163493284348	0.00141086749719366
0.0572699309932626	-0.000247994500947923	-0.000955963657140457
0.0677907163548087	0.00211904183005779	0.00312987583613689
0.0694873722228574	-0.000349087928343636	1.48542633174875e-05
0.0690928908777411	-0.000257858915315629	-0.000522191125168825
0.0680903545125829	1.80875357222027e-05	0.000733337883806695
0.068371739503503	1.83460566152843e-05	0.000197095816123372
0.069494945584178	-0.000260837376967506	-0.000733354269033537
0.0656575130461779	0.00155271541883432	0.00265246092611893
0.0725442984192998	0.000574806773091983	0.00143530792007507
0.0738824362598093	-0.00135831770464667	-0.00379483746927156
0.0719146124321163	0.000560392055360716	0.00164349185752122
0.0729314414831504	-0.000778398056509623	-0.000155564077216952
0.0728364301530952	-0.000291307420485387	-0.00113656708469945
0.072358843615378	-0.000359393361821898	0.00121169250108299
0.0734136755894531	0.0010700257636924	-0.00115466974089773
0.071927771866002	0.000144437153004405	0.00176557231216856
0.0721629283301464	-0.000553671111413384	-0.000600904853354955
0.071822796802687	0.000640352166272888	0.000720204612937647
0.0732539692192859	-0.000218457610116185	0.00144944547080339
0.073027876509985	-1.97252163211467e-05	-0.00125586828697954
0.071973816364291	0.000153736538892793	0.00148668027327936
0.0714660358631794	-5.66377257791642e-05	0.000574823859057383
0.0707751879237559	0.000682760986831399	0.000655479768563949
0.0711574867760213	0.000940457465999078	0.00208400632183192
0.0725747660592281	-0.000576510762440634	-0.00125214738546386
0.072980890915619	-0.00100787828115254	-0.000719172784263922
0.0719001529057827	0.000286944240603819	-6.02369939182168e-05
0.0735363451715684	-0.000928522293208847	-0.000594396054549806
0.0712705771583349	0.000927065090139331	-0.000743184794802176
0.0722357311373753	0.000350732720532217	0.0012998402679415
0.0742929642103152	-0.00131980411202193	-0.00204904270360806
0.0710779898637694	-0.000450903429759474	-0.00288848726249469
0.0699780025640721	0.00100488219855141	0.0021214180238136
0.0745964977062781	-0.00106104979503259	-0.00502394020417585
0.0720321955607502	-0.000309479781325638	0.000646018966561024
0.0723962317312765	0.000631111860501223	-0.00218568363450322
0.0713949161833094	-0.000358873080038402	1.30038163812518e-05
0.0736743438247307	4.93234057895309e-06	0.00137980800209137
0.0732193202745631	-0.00108377602359968	-0.00204214062399821
0.0738047258678216	-0.000661091556480468	-0.000748576978049198
0.0723389655371138	0.000452245251130322	0.00101240230618205
0.0704371976735421	0.00130721033209675	0.00385267814776258
0.0734897616731295	-0.00109862893916831	-0.00210958104518977
0.0718887801656585	-0.000384963942962009	-0.000648780164467122
0.0730807075310612	-0.000942451112987547	-0.000568019912059459
0.0709448835405709	0.000667061423271567	6.96057644972159e-05
0.0731008993420262	-0.000749773906656079	-0.000245038070583292
0.073521413353454	-0.000553035862992539	-0.00236843515716878
0.0712411998693307	0.000891365264878444	0.00308655592913654
0.0730704265182672	-0.000403098267894343	-0.000876162994317586
0.0720960286668793	-0.000234640010016107	-0.000243652526482507
0.0730355964240155	-4.05433678403871e-05	-0.000122771044415493
0.0719622437027494	0.00073633019270495	0.000969768717022701
0.0736624184688112	-0.000230808008832066	-0.0001107576322672
0.0712884109493747	0.00128426405894043	0.000125232887075999
0.070704823913894	0.00127138579461508	0.00386157411777766
0.0724648570020249	-0.000222572388034047	-0.00198666680650783
0.0719069304489494	-0.000145234282645533	0.000383102475955521
0.0729675679494302	-0.000657084315475932	-0.00218511939825039
0.0721046639439195	0.000810197445333172	-0.000491276147522424
0.0722412367483107	-0.000233424468623546	0.000645739394758094
0.0728165706491278	-0.0005425529592211	-0.00186229496406609
0.0722810306495168	0.000227534561711186	0.00348439758200403
0.07237107180308	-0.000586817667375408	-0.000925846445774092
0.0722017688677604	0.00022473548750758	-0.000735670535844002
0.0727205729211078	-0.00059731875443949	-0.000738697779095743
0.0719013677355379	0.00133740532953985	0.000665452065920502
0.0731381600923613	-0.000539759167626996	-0.00164272025603107
0.072028899698003	-0.000504266157970515	-0.00145081355468468
0.0727715539433962	-0.000200295713372663	0.000966884371527366
0.0731169994917746	-0.000927124951585263	-0.000977674765872294
0.0714200212353174	0.00144534288736034	0.000964552224943738
0.073252444844024	-0.000993403961939907	-2.14547881710603e-05
0.07123918422407	0.000579314490370755	-0.000189049447986589
0.0711391249500958	0.000796621394248957	0.0011756162149571
0.072408428845604	-0.00079856806306039	-0.00231496625419436
0.0709528756753739	0.00116053884893508	0.00261443635076142
0.0735722437161119	-0.000543234945946963	-0.000303510861765943
0.0715637644768027	0.000946768616678403	0.000304819378718624
0.0718654873022746	-0.000508894202958111	0.000838831076035329
0.0715499907458444	0.00047529333758748	0.00099111860332346
0.0721542287837163	-0.000682828954147237	0.000304582708193446
0.07226732487772	0.000276705329972045	-0.00174498187725969
0.0727936395371703	-0.000454476517888686	-0.000708894095486801
0.0730841748221634	-0.000354523400406523	-0.00105877686002864
0.0712931759959738	0.000180952829896414	0.00100898416070405
0.0734798762253476	-0.000892230482323765	-0.00106267651844383
0.072470809406824	0.000771329450846001	0.000975540011004861
0.0717647259440842	-0.00013275464196022	-1.84121861563913e-05
0.0729506342522243	-0.000358412073672751	-0.00208947148894967
0.0720737777794914	2.51469001979893e-05	-0.000690732974767294
0.0729966695263225	-0.000562321431612216	-0.00112405708113472
0.0704606184888176	0.00120919582571075	0.00212407832734085
0.0731321799487291	-0.000480493020677798	-0.000403555132598266
0.0726033884378299	0.000749007152610538	3.51547548179676e-05
0.0722513058449986	-0.000683747490500541	-0.000379948296071131
0.0734437747248475	-0.00051252667588457	-0.00109563416509073
0.0711525109166095	0.000669705816138677	0.00101281997868252
0.0737181655649361	-0.000530647683347221	-0.00106210070298229
0.0717970741082286	0.000291573781581386	-0.000420018670749145
0.0731674110785953	-0.000140531458560363	0.000696955428577284
0.073441036418955	-0.000517406875329161	-0.00103605989674638
0.0718344922833057	0.000486045139331065	0.000263734082362577
0.0728040305584336	-0.000643393691346555	-0.000593999022948211
0.071374981739898	-5.00120355633946e-05	0.00101115827912324
0.0732497721283405	0.000220834291491792	0.00045747765167381
0.071042363549105	0.00145493858246197	0.00399159850801212
0.0722369850656927	0.000239530064454346	0.0004000508815315
0.0726791583844736	-3.48788033983499e-05	0.000663611362016758
0.0721579847830472	0.000128913882258073	0.000252648206659267
0.072242430915121	0.000480523340618468	0.000708493897714546
0.0715526886553288	0.00067480599531064	0.00163519044683369
0.0724619808006113	-0.000466333252605249	-0.000951032459458934
0.0709662439817357	0.000704762724759847	0.00141708383949246
0.0724547815336875	-0.000577174146199934	-0.000487331572237237
0.0718163691394237	-0.000264562623372717	-0.000503555221494811
0.0731289685507358	-0.000114288450128244	-0.00025980584026819
0.0719281722680277	-0.000486034462410093	-0.000488721201533759
0.0715099546758118	0.000469761587949313	0.00042826985996236
0.0741217118453826	-0.00128212797068041	-0.0018668358972278
0.0711287329622735	0.00104931405799596	0.00142822186228087
0.0732259510261329	-0.000138334730993714	-0.000308836886046437
0.0718478811085006	0.000112513464262838	-0.000437260428299724
0.073464127150504	-0.000119341974887124	-0.000614812060724668
0.0721043936585659	-0.000461683909893956	-8.32812451215803e-05
0.0723010943592193	7.19819033192376e-06	0.000731062683237305
0.0734442343578857	-0.00111189719819046	-0.00264742187691747
0.071840888630463	-0.000272251490405613	0.00107919399462209
0.0725971655977451	-0.000502741306659428	-0.000740677707856352
0.0712583467648938	-0.000514809688004936	-0.000352989456352537
0.0722070470547554	0.000969028942409848	0.000709011355127798
0.0723544957668435	-0.000208777325568475	-0.00127849764608712
0.0722214027914405	9.36817457993441e-05	0.000123317310311566
0.0749264125547758	-0.00116262999322495	-0.00290972789443611
0.07060768329803	0.000635007974799671	0.00228159434055208
0.0725094671198894	-0.000267783014389303	-0.000292237175181898
0.0727532186640525	-4.6349284045108e-05	-0.00145959548156305
0.0711587829762828	0.00010317109652512	0.000715878001766312
0.0725220709576844	0.00124195845582187	-0.000258085529928342
0.0713104298078305	0.000567651341629956	-0.000584350334359329
0.0740876429464545	-0.000645020599899515	-0.000708421719401775
0.0714329008609796	0.000378679668197664	0.00144168837931147
0.0733010817449966	-0.00126058680459619	-0.0012190565939022
0.0709453062052952	0.00146522834489306	0.00239826748986804
0.0737980108118388	-0.0016565591882839	-0.00296848858857335
0.0739966306949506	0.000269764721493648	-0.00317808096270289
0.0687847867646112	0.0018735643490227	0.0034071436828067
0.0736058505447999	-0.000766531507995112	-0.000727172019633571
0.0714701282826753	9.48171101136236e-05	0.000740492626123634
0.073412249298399	-0.000668549792088816	-0.00120055354414372
0.0710425825759079	0.000557066338823055	0.00110659365506038
0.0713112324829975	0.000484451111817358	0.00164464574597145
0.0729750968689816	0.000548407885235629	-0.000808482620815121
0.0710027320507414	-0.000491045102057865	0.000708551634694965
0.0737138732412514	-0.000661363684475176	-0.00123666096772723
0.0709474666921963	-8.7022306511135e-05	-0.00021172245994161
0.0725354623723092	-0.000333580697553341	-0.000602573371003667
0.0720073147103391	0.000321927218314567	-7.88471074278929e-05
0.0721513573067923	7.10686151506115e-05	0.00215741815620152
0.0741085043683932	-0.000415193009214103	-0.00133322526635637
0.0693356597245605	0.000736436592660497	0.00207355144655563
0.0736901282716687	-0.000366340299129291	-0.00140326961770743
0.0698268513213317	-0.000296872089719957	-0.00067392885217088
0.0730063949219714	-0.000685490749137513	-3.45200166567139e-05
0.0704115978495618	0.00167030817054702	-2.77778515412885e-05
0.070326268005676	6.97629892602025e-05	0.00208683005427268
0.0727908906761437	-0.000767402342806825	-0.00213116860276907
0.0705767456437447	0.000109586169564274	0.00425070539766403
0.0731740623848843	-0.000668765515069517	-0.000656592313361348
0.0715319238571359	0.000633658820133658	0.00133959684323715
0.0725864913805736	-0.000607296507621286	0.000784977860719183
0.0720440637254137	0.000997137780028343	0.00139895800942891
0.0715940168965312	2.79097048451749e-05	0.00146481078677851
0.0746148192109772	-0.000420829471227693	-0.0028211331549024
0.072122862412451	-0.00031090231986191	0.00139392099500468
0.0742143435171092	-0.00110042596551447	-0.00284497220178825
0.0697853844542661	0.000387463372624304	0.0014080872623311
0.0751216715983304	-0.002424687846285	-0.00284986327118419
0.0715040433216157	0.00166947651292452	-9.49949330153466e-06
0.0725961868062093	-0.00139584967874555	-0.00147162399360545
0.073386119735572	-0.00141795888728573	-0.000695135430428317
0.0706868840136853	0.00136824738828553	0.00140493576890621
0.0730297593239942	-0.000731653348269731	-0.000714390752956762
0.0709111047456005	0.000325161651817105	0.0021638864052711
0.0743122490966398	-0.00130955829461086	-0.000698505804324845
0.069465732393851	0.00100827388848578	0.000738742948309001
0.0717150320310556	0.000694575949198591	0.00135559539238683
0.0730003380992595	-0.000309783034769945	-0.00134188793753331
0.0693094028378494	0.000995051902137327	0.00132598983114585
0.0735988735084601	-0.0010117002481853	-0.00146858731536437
0.0695943147428132	0.000957069826207073	0.00148863198517968
0.0734275662136793	-0.00136227585730149	-0.00149074641268399
0.0716479706289266	-1.61088242349935e-05	-0.000681853484929107
0.0719016892006192	-0.00102669746611432	0.000679020935966723
0.0724814858805696	-3.77118593980486e-05	-0.00209611607254734
0.0719248022228383	-0.000682479671798235	-2.79045130496813e-05
0.0739217555155125	-0.000697404258677599	-0.00214815251376921
0.070923421382442	0.000944173351368753	0.00143900238086903
0.0732114214825207	-0.00172177639194591	-0.00359745324571337
0.0714441474229156	1.55973567904921e-05	0.00011781577385761
0.0697330192158011	0.000678763285145746	0.0034107960552705
0.0738247906270582	-0.000698637029306212	-0.0020761369045893
0.0707525915837168	0.000674364120553772	0.00145905469848628
0.0712237607637827	0.00108752476167214	0.00284049378620743
0.0713544789470155	0.000958819887266135	0.00144081340426694
0.0732042650668744	-0.000744903406084664	-0.000833288398556453
0.0740266556079598	-0.00138836677139843	-0.00138099931279478
0.0724767677037178	-0.000598760634141812	0.000172871789793638
0.0721036553714602	0.0014725201240792	0.00227168688470902
0.0708612970699979	0.000986713668017732	0.00259506785595409
0.0740148066810149	-0.000410357624963206	-0.00151610315974016
0.0716409439557861	-0.000187350531758508	0.000204600858048409
0.0724361449753184	0.000231734191852968	0.000556563740682026
0.0726177534194394	-0.00058896733985004	9.01692415814503e-05
0.0718238184778317	0.000658749823961392	0.00206004659342129
0.0729562551252066	0.000342872029431208	0.00120490408578589
0.0707236611755496	0.000195279124012619	-3.47433112970474e-05
0.0750797198893387	-0.00119371080026011	-0.00253620811632971
0.0697322058011771	0.00144959631054015	0.00193917707297442
0.0720867913733332	0.000535487541767923	0.000533936496722287
0.0729847172385644	-0.000601770537064512	-0.00174918254533685
0.0700205194220361	0.000347377003486964	0.00153022484761978
0.0710256622919402	0.000992078371440712	0.00270745336479339
0.0717650530442659	7.3870504897669e-05	0.00153169112822682
0.074249681899316	-0.0010451972201973	-0.00201288798676469
0.0715063176000237	0.000646197801208413	-0.000771748062140643
0.0736260079686225	-0.000730020421521545	-0.00207699086640512
0.0712078140362991	0.000959631056922483	-0.000341760039245242
0.0728040141863062	-0.000173662860308434	-0.00264319532531421
0.0720659907414553	0.000869543788730789	0.000345643168128462
0.0711772776811401	0.00110218144190639	0.00125107559577442
0.073886410780622	-0.000886966450084695	-0.00177834829943269
0.0703182801048318	0.000426089320922189	0.000581607398666306
0.0729563291227164	-4.24143949123296e-05	0.0017756886029644
0.0715829479960224	1.86352326854294e-05	0.000935266221588682
0.0715712950288216	0.000345662163809143	0.00234135906141852
0.072937289846328	-0.00117487467990435	-0.00322008470375013
0.0710816485679048	0.000958384145588076	0.00380479660384092
0.0740680146672482	-0.000429857704020029	-0.00116293670136114
0.0704620963947831	-0.000130973128529027	-0.000499728254695464
0.072325451632242	0.000588963909945089	0.000714922453399214
0.0723949090065044	6.5185254862557e-05	-0.003311667742531
0.0725876175239486	4.78416366146081e-05	0.00204927431607338
0.0702971081651286	0.00161409615521007	0.00292473544791905
0.071649366940467	3.17942840460522e-05	0.000480782320252282
0.0743495001171992	-0.000685734976078066	-0.00280192078019315
0.0712409454814206	0.000718967240964374	0.000398439061730205
0.0735091119694671	-0.000840515674884759	-0.0018492024677359
0.0717333342432701	0.00226944371224549	0.00146431865543395
0.072850997712093	-0.000583612419250562	-0.000954647322478519
0.072176782686442	-0.000623400854138971	-0.00154297959332539
0.0703006263717227	0.00107507238936324	0.00144156490277891
0.0741163353697488	-0.00057329241369157	-0.00105817445511591
0.0718745275480523	0.000506508305502841	-0.000417480733228337
0.0724888481019186	0.000225750231609236	0.00184932117325087
0.0710813769848039	0.000677622523016924	0.001085116258293
0.0697376762998299	0.000916982290448017	0.00147366711077612
0.0746552857121199	-0.000177686095153319	-0.000353712977385956
0.0699831994486818	0.000692346794887798	0.00181298017733755
0.0728055887769479	-0.000330170126564992	0.000713552785019167
0.0709931060123854	0.00104683575222908	0.00215243928664921
0.0730176264518405	-0.000670035656139475	-1.89148685381113e-05
0.0725589789371486	0.000187663053502755	-0.000382971621991746
0.0713986422367796	0.000336994795373323	0.00182315642224906
0.0739393426736811	-0.000304114546268448	-0.00105083050609589
0.0714437314599951	-0.000585142208067269	-0.000293149024797934
0.0723684394651756	-0.00052617560977386	-9.40943536771321e-05
0.0718992096351756	-0.000521162540014351	-0.00015472489882562
0.0727480580339068	-0.000723888640456936	0.000421219492977243
0.0715768404220716	0.000455404329905304	-4.02360250887357e-05
0.07171522041065	-0.000472282093513694	0.00045009588464151
0.0738377038404705	-0.000774271843054154	-0.00100444699451641
0.0710312497943701	0.000745905783635356	0.000979910139487616
0.0735748489169771	-0.000727807857119872	0.000220942401649937
0.0708709001912191	0.00145874510760281	1.83811622493923e-05
0.0725022278080582	-0.00158643147772033	-0.000948381320069691
0.0718208294036577	0.000984839528972312	0.000462497913439996
0.0711155834070955	0.00019714021130595	0.00239619480302899
0.0736530751759705	-0.000932569406825942	-0.00168547956719534
0.0713430365438585	-0.000249551347103479	-0.000244733695666577
0.0728149437889038	-0.000871824558113951	0.00126532019843695
0.0719455512201435	0.000822984193055258	-4.37681058930162e-05
0.0736995693044732	-0.000618683786219654	-0.00051872487868454
0.071896483139736	0.000383279532835644	-0.000214215500773496
0.0721983564198073	-0.000896725760363599	-0.000523164412283506
0.0722614323217345	-7.20007238308451e-06	5.43875417036155e-07
0.0713576825223434	-0.000285022700125051	-0.000386248831418134
0.0727575114983689	0.000140346831757301	-0.000192105709931778
0.0703602881117621	0.000300985666635313	-0.000559550508816065
0.072347584404864	-0.000536687989870235	-0.000540657080642659
0.070803438645277	0.00120410990570515	-0.000394345299814081
0.0711818334249273	-7.83184658799396e-07	-1.93075849219682e-06
0.0733116103893459	-0.000874818936630974	-0.00161561188879777
0.0717317377881557	0.000167820572072916	0.000569946706929669
0.0725360946674996	-0.000948541809025344	-0.000336053422617999
0.0703139346570223	0.00210894768748107	0.00133134595406492
0.073387608655578	-0.000846964498320571	-0.00104390037186308
0.0727093555922471	0.000192186495912509	-0.00170078625423542
0.071366241319761	0.000173136946241395	0.000546435401185374
0.0726091183033389	0.000208796886934155	0.000419147848425006
0.0718327099772925	-0.000591109619778707	-0.00201199638307503
0.072677169248146	0.000131797382552874	0.00043215772201266
0.0707548732069296	0.00113698287558745	0.00162929347298912
0.0712960732117786	-2.35891833746255e-05	0.000524154471457927
0.072186522747862	0.00116085334174346	0.00154986869301443
0.0702367473561178	0.00166535798007234	0.00368620382713425
0.073139718255124	0.000353136318570563	0.000590509071099365
0.0728084647307826	0.000666763814484113	-0.00144152496932837
0.0727380848596104	-0.000469836055566476	-0.000126043384687469
0.0722007663471034	0.000297461537802066	0.0011251159231388
0.072681081595682	-0.00142379055064182	-0.000122723125510649
0.0721909613611729	0.00071618642491459	0.000518239710926016
0.071575543488841	-0.000113224342681649	0.000819836132599727
0.0736804582426938	0.000234255942770177	-0.000181682155261487
0.0705408931084701	0.000289376053300594	-8.81568116172238e-05
0.0741300790214296	-0.000616801759740528	-0.000496838457901161
0.0715267148519948	0.000904939737888591	-0.000186669829922104
0.0724549822296566	-0.000972988735061762	9.23541916071358e-05
0.0719992263880739	0.000638734944865327	0.00151041847609723
0.072391433480863	0.000126628943219249	0.00140378840204991
0.073372238339013	-2.62832932548182e-05	6.24595134537387e-05
0.0711888817762085	0.000405758750593621	-0.000581014929794565
0.0732428001496535	-0.00107322519986096	-0.000223173265388454
0.070870996428536	0.00197430040448215	0.0013956868101821
0.0724210593621009	-0.000510347730600505	0.000167099805034931
0.0729599207234752	-5.77384110162574e-05	-0.000753304759309126
0.0729090920381126	-0.000724149814996689	-0.00149136410118156
0.0735108726673785	-0.000720647148894825	-0.000733575725215374
0.0711197034204369	0.00103710878966488	-0.00070649581153559
0.0739987445204114	-0.00104101609299179	-0.0014814869112586
0.0710812126175567	0.00231461484377408	0.00141019443421009
0.0714102533036497	-0.000282613397621582	2.23806861172626e-05
0.0713851475253031	0.00138258716951314	0.00282288332948488
0.0724095812831909	-0.000347690517095024	-0.000720844619415129
0.0719740635680741	0.000703076160784494	0.00143088376937717
0.0715347931827439	0.000670259047633584	0.000714402080088439
0.0740713605097859	-0.00136069962697937	-0.000711721082701344
0.0711401736180106	0.000670968548718197	-3.84826550235973e-05
0.073397649479679	-5.5748103476673e-05	-0.000756866049391625
0.0710005801039075	-2.86036310530244e-05	-1.45109734545068e-05
0.0720502678816604	-0.000345294898825406	0.000119566592060361
0.0717877670880592	0.000382201373232208	-0.00148605322547213
0.0715130452434688	-0.000581921520954522	-0.00115598341138545
0.0731878491350383	0.000889632491418525	0.00174663496598182
0.0716794958078167	-0.000692385886180168	6.93378419471813e-05
0.0739331096345204	-0.000951460827808483	-0.00136951286011
0.0717580889080042	0.000601026364396011	0.000791232414329657
0.0720672690126832	-0.000277414184611177	3.54789025467372e-05
0.0724924378301553	-0.000564298735216684	0.000439290934357794
0.0718542655074779	0.000158265430646995	-0.00134622311396171
0.074416025167083	-0.000644345151067635	-0.000604573814062315
0.0696187981405163	0.000913810356780238	0.00120152542159457
0.0744976448948017	-0.00123977172017265	-0.00190923286980405
0.0714685210766373	0.000621739992836566	-0.000133839915150702
0.0725561694719403	0.000128087571572587	1.69525454364328e-05
0.0737998274914183	-0.00122021324798538	-0.000978714230507882
0.0690200930085287	0.00110532112799076	0.00185298192224048
0.0724744306570644	0.000341644856828353	0.000708661553207146
0.0713819562458025	0.000509519140082598	0.0010478536039833
0.0731295260385998	-0.000638017784808612	-0.0012634835043841
0.0722920657896363	0.000408591689804172	0.000486092086113055
0.0725259618210217	-0.000227417357358664	0.000354087974942963
0.0724104128747544	-0.000387907607690141	-0.000916638586551444
0.072285258344489	0.000359379116389939	0.000722105335957179
0.0733226849593462	-0.000481951876751929	0.000242227063870781
0.0717692962127962	0.000344042236114124	0.000708514468461874
0.0726325302612143	-0.000238278567290945	-0.000255779245865728
0.0723744090177	0.000586739602830261	-8.81957557892221e-05
0.0732493007890459	-0.000241521829489895	-0.00283491836854344
0.0735939991097826	-0.000809961975276857	-0.00163364774771169
0.0695438545735823	0.00139728919260103	0.00216653620133478
0.0732681604209236	-0.00032240533593797	-0.000286913587630111
0.071343697950656	3.98465776861243e-05	-0.00144115763925501
0.0735298222646241	-0.000909064214376358	-0.00144069814508563
0.07208702330528	0.000223140597653076	-0.000816373961219363
0.0712427719226892	0.00101242490394689	0.0018781177331475
0.0740086869001393	-0.000999084473639625	-0.0013188062044277
0.072162336708001	0.000976241723818418	0.000651464646086897
0.0735281251557414	4.0991159313622e-06	1.00633561549435e-05
0.0718928435620851	-0.000530994131959603	-0.000704183999380104
0.072903382510143	0.000386754563462766	0.00216905472197471
0.0722733497178169	1.73697734519446e-05	0.000387081611146867
0.0721281040111407	-0.000173224075414993	0.00105907756442603
0.0729553481163961	-1.14541701112802e-06	-0.00111015663442748
0.0723453549492681	-0.00018567811655669	-0.00105805906853929
0.0738510236922916	-0.000566482234124921	-0.000789728847112037
0.071797499952536	0.000339011525611707	-0.000945740031566999
0.0730428706741509	-0.000401733072722246	-0.000836606703834564
0.072005451856233	0.000713516811155286	-0.000581034522856516
0.0725088137184075	0.000402487287097991	-0.000278785003473558
0.0726099603186108	0.000232645764631313	0.00050149038566849
0.0709520294414537	0.000273318438717737	0.000977218960054427
0.0722053909959282	-0.000125547228142821	0.000715475064782645
0.0725737100645322	0.00139663598058224	-0.000664033324947799
0.0724900230135314	-0.000817678101866323	-0.000978461006539533
0.0716950426257763	0.00113541249587667	0.000938288487884464
0.0719251690666776	0.000263441230811221	0.00119730180522071
0.072935772492723	-0.000583125327718564	-0.000465915289271535
0.0719071485772747	0.00010745660782463	0.000210550914082175
0.0726130330466386	-0.000220084608373028	0.000732983548047517
0.0723273785650584	-7.71895314806773e-05	-0.00235581426602638
0.0732933836612727	-0.000983456891259164	-0.000121498392081199
0.0719017923468529	0.00113616717339475	0.00123816485956052
0.0736104010979972	-0.00133847025679051	-0.0023300570198922
0.0726574760735113	-0.000580345419375378	-0.00111385128920316
0.0724894008425751	4.17871186078542e-05	-0.000490444109532251
0.073159392423884	-0.00112749101503543	-0.000716936556667824
0.0724097625746103	0.00102729657989295	-0.00257312635199181
0.0728327418121954	-0.00146618020788657	0.00012828146517907
0.0713517266627078	0.00112830571342916	0.00200809041062677
0.0730086339007936	-0.00045208274547618	-0.000125498355775577
0.0719949287355525	0.000275328753136232	0.00108303778664676
0.0728547246206488	-0.000740045083132169	-0.00313252554416787
0.071340266413683	3.1669179962307e-05	0.00227979649724952
0.0729029630168022	-0.000577358923357016	-0.00301820799143138
0.0727694071706977	-0.000560001300824065	8.28786470478127e-05
0.0716817699226957	0.000408587587224542	-0.000903750194580666
0.0734873200840282	-0.000953035189155488	-0.00144210349977758
0.0728200692848973	0.000267493816506446	0.00200615297340201
0.070706289522586	0.000791427220162275	0.00156084147690505
0.0735509951527848	-0.00100643769873268	0
0.072829643604593	0.000905544626298979	-0.0020149798154091
0.0722789574019339	-0.000249960906807428	0.00132714001155187
0.0720640507985946	-0.000405124350995108	-2.47692447963299e-06
0.0720853134673845	-6.93323932874149e-05	-0.00073963194031379
0.0733330197598566	-0.000999507529136912	0.000753184917020921
0.0713259010473573	0.000661785512087842	2.56320045211034e-05
0.0734997619692728	-0.0012878522652556	0.000732291208610292
0.0709791624485983	0.00105300514966632	0.000747087128301516
0.0724203250720012	0.000391608041437758	-1.81761254152146e-05
0.0700689994254655	0.000981191824201352	0.00067719714082437
0.0745087909995656	-0.00110806580008848	-0.00211609011054392
0.0720237470550051	-3.21118826484487e-05	-1.08287998463741e-05
0.0721476118087689	0.000677551986059559	0.000741938600660519
0.0725121451837245	-0.000615301930014474	5.52385729372107e-05
0.0711486133159139	0.00173629277047931	0.00206765585944424
0.0727956346836838	-0.000700256905640385	1.74625765108072e-05
0.0723276561907026	-0.000347233368569115	-0.00144406668457198
0.0723712204231756	-0.000418102856144895	-0.000679614605115453
0.0713844093199892	5.34129679343187e-05	0.00061874834159914
0.0718658631577491	-0.000422810833839209	-0.00124982934399254
0.0737505567359091	-0.00160189250239684	-0.000130591932940405
0.071640326585833	0.000999959501409492	0.000755053374817183
0.0721358206658709	-5.03606087771807e-05	-5.56392566256614e-05
0.0724412855907609	-6.67071023127686e-07	-0.00138593930606523
0.0711172789262114	-0.000311902816072171	-0.000731438267944751
0.071263297139914	-4.02978350001471e-05	-0.000803966994790462
0.0739802959149576	-6.33219832057857e-05	-0.000679866245669958
0.0725130109673822	-0.00183377794045194	-0.00302888242200872
0.0727752206032366	-0.000418052712555413	0.00105862832975789
0.0720847324648685	0.000153333654866271	-0.00102025645581716
0.0743408588419734	-0.000858356936665639	-0.00114431715286623
0.072611192171427	0.00123326347493908	0.00261705325184869
0.0724906952724008	-0.00023319505025618	-0.000475837802817569
0.0718084748717044	0.00106885332473489	0.00216620085345376
0.0736064385348045	-0.000637711734915128	0.000460413665956616
0.0719564427044409	0.000131476751284651	0
0.0717038085088109	0.000575108168504236	0.00231023305909062
0.0724567514141295	4.37600133389865e-06	-0.000545302856564289
0.0721983736864788	0.000486828965022446	0.00146564068385113
0.0739204818779349	-0.000676239236984108	-0.00429611021769027
0.0723153004322769	2.91955655238457e-05	0.001758222101092
0.0725949618805482	-0.000564226989922201	6.59300494889603e-05
0.0699969001474108	0.00162626933660976	-0.0031290096996146
0.0721582305620992	4.58958239176119e-05	0.00212004076946559
0.0719374373061665	0.000770191861822617	0.000923159221037362
0.0714112782849804	0.000343469961069223	3.95567842229605e-05
0.0719728282379631	-0.000612311854834964	-0.00100117314076209
0.0717849788783963	0.000778065746124282	0.00140833819337571
0.072701857311871	0.000359765376339603	-0.000697487616736825
0.072682989668948	8.98688957647956e-05	-0.00119322852364756
0.0725002244083421	-0.00103924969559358	-0.00213871095066409
0.071841407485302	-0.000123994116072917	-0.00026176534465816
0.0726213065211785	-0.00036597716900312	-0.000196982794302913
0.0314787594064348	-0.00535042064350412	-0.0101169938086023
-0.00416777521127138	0.00011517278158582	0.00182895122966553
-0.000543830674250305	-0.000125311030796554	0.00212429652810564
0.000418428741815755	-0.000209074799989423	0.000268398597053854
0	0	0.000554195118457002
-2.13272485840931e-07	-0.000199735762955766	0.00565167433388092
0.000138056576095596	-0.000258774434932552	0.0119110460827753
0.000276523105703048	-0.000268699797570708	0.0182338764409732
0.00145514046488715	-0.000647681491064343	0.0227617186742602
-0.00073282293851164	0.00024952268091861	0.030562093578651
0.000329698471138825	-0.000224944686972639	0.035490906891365
-0.000249409307394724	-0.000464523303886947	0.0427308183163688
0.00113406162385309	-0.000650568017236015	0.0473020858998686
0.000136082585429418	0.000302909356732272	0.0551851698432717
0.000163020893799301	0.000894983434533509	0.0630698168929642
0.000514767445564533	0.000169191315444596	0.0665000756279106
0.000187293084083819	-1.07975704576655e-05	0.0730728634694799
-0.000203149621618163	1.27354160810215e-05	0.0806071125412704
-4.17300043457566e-06	0.00033451521303576	0.0871105505912295
0.000174884684194641	0.000670844111192732	0.0930582245595393
0.00104443505169962	-0.000302645835268277	0.0978123558970558
-0.000817476655206577	0.0010392052636235	0.106538986611257
0.000963396130659689	0.000970928178342327	0.110033335281676
0.000209543568312629	-9.17599414089096e-05	0.110949364943109
0.000646079538886027	-0.000406550877777431	0.114731185969553
-0.00031586899359787	0.000432691998574643	0.113302422947409
-0.000144090280907891	0.000950896891942177	0.113271259393869
0.000890941566154206	-0.000173112575636835	0.111534735947107
-0.000178343103354057	-0.00103971322578132	0.109940331008491
0.0003666471108727	-0.000687630255739771	0.113979280730835
0.00031680038592466	-4.45822790997041e-05	0.113170011676018
-0.00148129120688546	0.000958913956846819	0.113592142485947
0.000807109719103978	-0.000142359335978524	0.111506405428443
-0.000931483209591845	0.000250209913328382	0.112096720103167
-0.000444216649669238	0.000128107248588426	-6.16724333786253
0.000946314870287082	-0.00109935933001901	0.111443827279172
-0.000683992722431323	0.000234127508385791	0.111013521988522
0.000348772257707533	-0.000323448898401814	0.109903452141452
-0.000371623278136844	-0.000477278451324233	0.113419809546529
-0.00104417099298125	-0.000358892955912498	0.11398465978317
0.00117380676531081	-0.00179156785279713	0.111373395478995
-0.00160707633644761	0.00192837157541552	0.0758260699413507
-0.000580709096922908	0.00120003229033524	0.000808779787942804
-0.000186926749147594	8.90943135239963e-16	0
0.00381483683279265	-0.000336367937191517	-0.000707934179211556
0.00755976570153512	-8.50435088416636e-05	-0.000708824262651397
0.0131794422640782	0.000589933381385317	-0.000514328685359278
0.0175872810865968	0.000433952750064626	0.000514254671766246
0.0239013824277973	0.000762828710889646	0.00104074608523641
0.0235028773358065	0.0004264825809918	-0.00069522480026496
0.0240458913277278	0.000155962974639368	-0.00163313935396081
0.024611081434954	-0.00050820852336508	-0.000179384785661263
0.0240931831705728	-0.000336404701906443	0
0.0241359896340518	-8.18239504309076e-05	0
0.0249708312751198	0.000328579785323762	-0.00125169207864628
0.0243081369279519	-0.00109746786998049	-0.00122574489821359
0.024426333149632	-0.000170338496143852	-0.001038816861338
0.0239802496313557	0.000465400429083994	-0.000708718893370541
0.0038715818388733	-7.07228432487938e-05	-0.000857937657841035
-0.00165676852129107	0.000792866354219274	0.00227764354138671
-7.04124570022462e-05	7.04124570022613e-05	0
-0.000269896999925371	0.000269518830569302	0.00127045544922533
-6.60641409257027e-05	6.61394154525534e-05	0.000139548219409313
-5.98380361392159e-05	-0.000275447960942465	0.000708650732838212
0.000395321655290134	-0.00128942344653809	-0.00129788113106866
0.000564153780706952	-0.00129531708629534	-0.000715337504762825
0.000106031915600125	-0.00297455423136876	-0.000223252334583091
-0.000681312404384161	-0.00331417440403778	0.000817598850535894
-0.000333590442778646	-0.00338261715747745	0.00202685285057314
4.63311857435854e-05	-0.0027526328257671	0.00399657690906974
-3.92383172951581e-05	-0.00338250789906988	0.00895157069696229
1.00871036495369e-05	-0.00274528869283179	0.0154764087300254
-0.000295338051560825	-0.00306392727359171	0.0224813122089094
0.000910220411838963	-0.00428801961934607	0.0270721790024053
-0.00075684690534644	-0.001928113634636	0.0366858666022249
0.00223368129981625	-0.0035868943322472	0.040343472598336
0.00366292046503135	-0.00599181466748433	0.0416084384844759
0.00042589549162353	-0.00150656241335498	0.0520023781713759
0.000773473472792297	-0.00329850808188987	0.0559288000273099
-0.000548264303539507	-0.00342893000596571	0.0679988850552322
-0.000285682326879925	-0.00209829479870139	0.0731572643145439
-0.000635661723826381	-0.00333034851249038	0.0781526594636157
0.000418088888762746	-0.00343924416506135	0.0833165873612638
0.000732867897354514	-0.00338488000861409	0.0891589162922926
6.66044707332865e-05	-0.00271762255338003	0.096858106426134
0.0007021532572152	-0.00206620307092658	0.101838039840362
3.30020000070517e-05	-0.00307070134385195	0.110863201493645
8.01990991972525e-05	-0.00201506947031376	0.11638951040653
0.00143234425256719	-0.003397754590475	0.116924236703215
-0.000655470020862247	-0.00306092997671282	0.117755839896083
-0.00150483861558945	-0.00238646025307623	0.117450766203077
0.00227500542919499	0.00198412125599732	-0.000709145635415021
2.6601171352475e-15	-0.000320616306314852	0
-2.24971950790742e-15	0.000299822554618336	0
-0.000335298797481958	-0.000971345930584832	0.000748923822785574
-2.14656348183939e-05	-0.000693372838078786	0.000667503673084213
4.57138766592109e-05	-0.0022691853946802	-9.79185732621346e-05
0.00130895365664262	-0.00932123350380152	-0.00404432268069177
-0.00224632155881801	-0.0145906850689237	0.0027027082737423
0.00180164206739059	-0.0225278418229257	-0.00206755135880909
0.000157043222379671	-0.028568812217816	-0.000144153675854075
0.000258742789981097	-0.0339374889353146	-0.00259947072216238
0.000532621640844892	-0.0347452915840073	0.00124535774795642
0.000237170200333207	-0.035699319120108	0.000636899709052452
0.000324229747145716	-0.0361180978105638	-0.000710314488444608
0.000321719507992924	-0.0390016504013624	-0.00126275845838308
-0.000286248066826571	-0.0380773873332143	0.00126197248056836
0.000592716708276968	-0.039430392858636	-0.00199224090959227
-0.000248600315366474	-0.0401516904099917	-0.000952111025754876
0.00291180576846517	-0.0388293420319894	-0.00427837002097775
0.00149663893876808	-0.0378050609153097	-0.0017292995164041
-0.00245854800965474	-0.0396442816403624	-0.000348420951277961
-0.000169855251508724	-0.038170342975129	0.0020336186760761
-0.000109834236973833	-0.0404046574937789	-0.00160224441234658
0.000348381444114032	-0.0393216803582089	0.00027505546503126
7.60074170622071e-05	-0.0381827567145933	-0.000894088133343796
0.000269696724082599	-0.0394721846765467	-0.00125812110446355
0.000229263844171709	-0.0398640500570488	-0.00193592572515044
-0.000911815268466412	-0.0372002057228989	0.0018613311326251
-0.00049040932311372	-0.0392230544877355	0.00111532685725013
-0.000132065649993362	-0.0385946075869537	-0.000901525688088101
0.00267132657057234	-0.038950695137286	0.00174062707779687
0.000586779823291424	-0.0393367942908136	-0.00110503546168217
0.000875981199815672	-0.0392339551597654	0.00135470587335296
0.00185136720892834	-0.0385898780247473	0.00301789925381779
-0.00304118844504157	-0.0362045322228039	0.0043011572740731
0.000778282612571457	-0.0396991461411587	-0.00261919636870078
-0.000878218584978909	-0.038584482725561	0.00157474466502161
0.000421416776057663	-0.0389651394172939	-5.02601298705274e-05
-0.00159923263577263	-0.037350379302958	0.00461194938633691
-0.000686760367178237	-0.0383009495190248	0.00194718970680174
9.70892816905891e-05	-0.0397617788829105	-0.000982609474793339
-0.000126989132268461	-0.039030378658606	0.00105366208622937
0.000146976778174591	-0.0400404530864631	-0.00237859854214995
0.000771293560870096	-0.0394843760137638	-0.00301515610456471
-0.000624936981309165	-0.0378521962045693	0.00372930095152624
0.000799189019941846	-0.0385349476239152	0.00203411664797537
-0.000252584400978747	-0.0390940829330217	0.00272574800471925
0.000670616707098465	-0.0390713232002591	0.000584864910454286
-0.000629610676979801	-0.0373125797084164	0.00241465234130556
0.000221911782612189	-0.0392175815046103	0.00198422382701879
0.000954127926545836	-0.0390850929875102	-0.00059361796117785
0.000163532739300348	-0.0391455485386365	-0.00211157556462871
0.000603581184872429	-0.0396008464306299	0.000889840905776706
-8.64477502202816e-05	-0.0384575514060509	0.000768820237977641
0.000239342591657463	-0.0386856852913116	-0.00149386991483003
0.000122156332629065	-0.0389474096679821	0.000718569390082191
-0.0011734274629451	-0.0377117616452154	0.00182030130640254
-0.0013438704727124	-0.0391781954032783	0.00163071640534906
-0.000446317755673446	-0.039801802981062	-0.000921105313724579
-0.000758200842245111	-0.0381803956679816	-0.00035953136124578
-0.00131953707315234	-0.0387078570159995	0.00212936110816142
-0.000790103305135133	-0.0407175947725956	0.000221097931622283
-0.000537792652227382	-0.0407117579358117	0.000681075855181068
0.000664424886656974	-0.0420870673469907	-0.000703393893973669
0.000764082942087307	-0.0432817352484361	-0.00111740517352177
-0.000202382209568513	-0.0424252880171617	0.000598212879479476
0.00073497878870242	-0.0425001515966059	-0.000412768855735601
-0.00035310343772155	-0.0407726307806222	0.00222199676088153
0.000321545857226067	-0.04160314164944	0.000287884753886969
0.00102482585633705	-0.0419864952180214	0.000833928329876055
0.000488463004206172	-0.0431912694692597	-0.0027823679380955
0.00131857518243871	-0.0433168108510765	-0.00134805754847223
-0.000977534073814672	-0.0411151999180948	0.00153913114986537
0.000296725158610699	-0.0425367984046724	-0.000630230210185379
-0.00205412463509915	-0.0404864643102092	0.00364943320166133
0.000419882114415689	-0.0427972833898342	-0.00373800138392133
0.00126687262963648	-0.0427741835701488	0.000301353261214832
-0.00145874042220709	-0.0411026922732768	0.00236830140825084
-0.000533324983334766	-0.0415901538214047	-0.00022070641658678
-0.000157476700224715	-0.0409698199327	0.000224529084436265
0.00047861728169107	-0.0423166609356554	0.000439033041425008
-0.000539985114427273	-0.0420019818423509	0.00122723399599967
-0.00113289422184131	-0.0412614053124636	0.000959467628962707
3.16961531781068e-05	-0.041715166718883	0.00215346672356365
0.000680008593675337	-0.0423448897399785	-1.12216918363162e-05
0.000189287888575831	-0.0422383396351465	-0.000208205718022603
0.000814104952958417	-0.0427222257792799	0.00119719326448431
0.000226132636554074	-0.0420929510523797	0.000463732080761781
0.000418278965135997	-0.0425520276051766	-0.00144077256258324
-0.00034210007915831	-0.0422215932749045	0.00115027458410411
-0.000153972728339381	-0.0423225968654942	-0.00158889003599005
-0.000635248397281286	-0.0419894221950562	0.000926955713997701
-0.000142560921814409	-0.0413647503331712	0.000562024784857007
-0.000303458894062546	-0.040958887317735	0.00330076937570334
-0.00114278612176195	-0.0415223341527816	0.000433880972208422
-9.94302844667394e-06	-0.043212063697312	-0.000434026753123207
-6.3329026930483e-05	-0.0424932989566955	0.000422458312744345
-0.000339897264700101	-0.0423595824801288	-0.000863167194489534
-0.000477805296101006	-0.0428572593889736	-0.00128552897597167
0.000590043166450102	-0.0419708611725495	-0.00129409371136691
0.000636744914832305	-0.0419911507901378	0.00170370617220639
-0.000421099863533555	-0.0411300971091847	0.000432468889626669
-0.00154253709428331	-0.0417997413634832	0.0017363870688315
1.12104708373598e-05	-0.0418518049589451	0.00269140721997918
0.00123390300672604	-0.043118685884968	-0.00030834524497092
-0.000120809878482141	-0.0416972443628398	-0.0014097217739909
-1.53861296050516e-05	-0.0428956781268135	-0.00174237883553474
-0.000182819211444134	-0.0428600901347486	-0.00194411410389383
-0.000380601039672711	-0.0408656778392961	0.000834381129263595
3.19250674503564e-05	-0.0414890479931936	0.000222436904098178
-1.69076707678545e-05	-0.0420585077741108	-0.00235513768903028
9.72198919259905e-05	-0.0429140640769002	-0.00110664423124274
0.00123196053546678	-0.0433011342368776	-0.00247479908149384
-0.00148316724378912	-0.0418066977620307	0.00201429191030167
-0.000697760269124662	-0.042876842617053	0.000800174038940615
-0.000225525571018494	-0.0418754305190971	0.000130921218568947
0.00116952360549731	-0.0424209396821877	-0.00186536125737613
-0.000483122829021652	-0.0420548506660108	0
-0.000703570417599497	-0.0417673530012913	0.00149244584874808
2.14492492688241e-05	-0.0423383066968653	0.000326326147639056
-0.000181012637965043	-0.0425672504715682	1.38328743952698e-05
0.000512645982251914	-0.0429649782640155	-0.000737294747807482
0.000335216636620776	-0.042376663523245	3.53157338336407e-05
0.000493365144985394	-0.0423046761041667	-0.000743354701637666
0.000512085396654181	-0.0422707743074599	-0.000376914073466184
-0.000968855221091251	-0.0411296838048703	0.00362191317570393
0.000663621632657183	-0.0424201588374496	-0.00184688466848293
0.000301955099844129	-0.043400921402233	0.00111206868963942
-0.000210631499065129	-0.0415179584620606	-0.000966932146435395
-0.000766972411650253	-0.0416249660281998	0.00201588234429351
5.12339692825166e-05	-0.0418763688967454	0.000727460504848398
0.000603605805206332	-0.0426961892578102	-0.0028616490758846
-0.000724173887978241	-0.0419908478792889	0.000823423839540927
-0.00094631156742311	-0.0412229184394987	0.000559183487576109
-0.000759955565833356	-0.0417228459708837	0.00346940183016287
0.00017112543851747	-0.0406593226240152	-0.00243667605038778
0.00162146575575597	-0.0435560887314844	-0.00344964505156398
0.00080049259270891	-0.0424851655803333	0.000596249639930879
-0.000947639303064043	-0.0413027821890904	0.00053517098295619
-0.000816864737382496	-0.0414177151783467	0.00270729779409684
0.000458889508857863	-0.0421157593924413	0.000621297470962845
0.00102141808081317	-0.0421968080876283	-0.000606494343981301
-0.000238008399569587	-0.0412064693179028	0.00117929341411371
0.000356838032523562	-0.0422048160752994	-0.000242394203553653
0.000429877701383287	-0.0422143132545575	-0.000916516372856391
0.000532559200504497	-0.0435380742897657	-0.00266222003191308
-0.000446849018184894	-0.0427894308704057	-0.000674804330949907
0.000208488075180629	-0.0417198187829597	-0.000773110775133423
0.000668918910572403	-0.0423591447240755	-0.00233572786811154
-0.000464920295265198	-0.0417135217660817	0.00189763476156501
-0.000250089381030997	-0.0423942732393575	-0.000943208011725094
0.00111639071291657	-0.0440495723996153	-0.00191248410711375
0.000510895674417245	-0.0418290003415974	-0.0009260413419937
-0.000216329312088471	-0.0422539778981011	-0.00104635698552002
-0.000291305904121925	-0.0417749945981079	0.000720048828215636
0.000528647065250021	-0.0428623771011857	-0.00193917920940545
0.000100389283430053	-0.0425869267205491	0.00231817319441396
-0.000581370550921795	-0.041825689511302	0.000928194244056657
0.000635519388176353	-0.0413683619771604	0.0014198688667395
-0.000435823542395856	-0.0423701453324555	-7.72524152451437e-05
0.000653441676372622	-0.0431657492588887	-0.00244678648927121
-0.00026271161900061	-0.0422857607582984	0.00159013327820257
0.000437836873916412	-0.0417201239787769	-0.00124366059961256
-0.00130801021739408	-0.0405782387873246	0.00285764822010481
-0.000870041500831618	-0.0412252274550058	0.000155199586084676
-0.000216157211870308	-0.0422725761301194	0.00109960597774861
0.000346544775001578	-0.0413897146746612	0.00124075290291015
0.000513744566104597	-0.0415129345695516	-0.00197298128626544
-0.00161450205747068	-0.0413434611384069	0.00309017425086044
-0.000531093478844537	-0.042275388352568	-0.00163506518189871
-3.74335932672616e-05	-0.0432446592944931	-0.000513518963203508
-0.00093603288138347	-0.040928672384374	0.00123181614988965
0.000253072311895752	-0.0432840913729851	-0.00226824364966383
1.42905979329984e-05	-0.0412684862536543	0.00100675302964204
0.000299621917040242	-0.0426663705706749	-0.00100536605617063
-0.00117493104811448	-0.0423320091514345	0.000155947851146587
-0.00047288510555472	-0.0416492618895024	-0.00043956322159433
5.28727925381209e-05	-0.0422410384787556	-0.00144186431324367
0.000482646432761937	-0.0414415427061326	0.00263397950298638
0.000216467358208263	-0.0431906059778495	-0.00141699315246824
-0.000149199463400706	-0.0417469836709901	0.00236352116591731
-0.000508831232351487	-0.0422667816455129	0.0021709076806834
0.000629672685937482	-0.0424887129255666	-0.00149003424771688
0.000306452569774893	-0.0424683009170424	-0.000127042891199358
0.000385640625619098	-0.0416233863564223	-0.00071577082971519
6.80346457829564e-05	-0.0434231570973292	0.00119617036602615
-0.000304292083088933	-0.0417444106021344	0.000693579289220536
0.000528158311036826	-0.0427490682615144	-0.00189623732808264
0.000377311753726364	-0.0421458896030231	-0.00198447320458794
-0.000338935390902219	-0.0420618553162657	-0.000794558958791103
-0.000422956391805607	-0.0412066856237904	0.00326433699191497
0.00140601332648599	-0.0428390426045177	-0.00280283398335224
0.000635186763595981	-0.0432908071769557	-0.00194475387291881
-0.000302497842908495	-0.0419532916074086	-0.00187811685827144
-9.75387754672402e-07	-0.0413265909236144	0.00106457547777516
-0.000339552453753854	-0.0410369639551961	0.00199127285350031
0.00126178814434573	-0.0435853200028611	-0.0018942682549894
-0.000309365599997419	-0.0408061265480455	0.00207181230451881
-0.000540540202783137	-0.041802280047112	-0.000106865535577927
-0.00064722543520479	-0.0417319080361377	0.00292411548155969
-0.0006693652513272	-0.0411461118880386	0.00112643883459473
0.000243264978067471	-0.0418335520313982	-0.00248714499441949
-0.000957837046120312	-0.0417288467080517	0.00193918962772832
0.000890543196280163	-0.044249838068085	-0.00625419545945582
-0.000644901806265932	-0.0411945766709939	0.00342544902452369
-0.00103245773268348	-0.0425096857601295	-0.000664267565977927
0.00199474848826497	-0.0424869157758574	-0.00132522864369056
0.000330495438898227	-0.0432445329459797	-0.000813495765562333
0.000655408194628792	-0.0431592605573625	-0.00136112212665829
-0.00161546168955178	-0.0419299516758883	0.00282565091263098
-0.000373765740147823	-0.0415073357363219	-6.17607684072485e-06
0.000908128204998457	-0.0423964681639691	-0.000632529059647169
-3.1188459885069e-05	-0.0421685490763734	2.62287666783489e-05
0.00135043338026185	-0.043074167176145	-0.00213044688186748
0.000733169684338571	-0.0414942164481105	0.00568903772638452
-0.000366866576199783	-0.0427616987983613	-0.00209416701945719
0.000353319094855545	-0.0427952810806051	0.00209182402636621
-0.000704025014550476	-0.0425090586009672	-0.000678469828422235
-0.000310547709358702	-0.0420233965712509	0.0013959159603073
0.000332143150944302	-0.042090257338023	0.000708807362466479
-3.86916554531817e-05	-0.0424012758391437	-0.000594730570733892
9.61622714226e-05	-0.0414709074146349	0.000594451489602021
2.22329485280483e-05	-0.041846055640782	0.000708281104203401
0.000625884568294943	-0.0424066735335716	-0.000708276696692489
-0.000681119266471547	-0.0410878981517933	0.00214835414944481
0.000683642239849638	-0.041808899116917	-0.00286701185232752
0.00170791372998246	-0.0418227217605876	0.000500323048066464
-0.000141029469095631	-0.0427867747631448	-0.00330588593327186
-0.000653982770209675	-0.0420673025875367	0.00124524790151981
-0.00104867097280044	-0.0414657995487777	0.000981377171809239
0.000681202696494743	-0.0424609958319059	-0.00121902629243531
-0.000613998376603555	-0.0406411473812034	0.00477049179317612
-0.000368280307852544	-0.0418354513090367	-0.000640101963700013
0.000478371060434996	-0.0432459176270139	-0.000701936859781371
0.000612974610772817	-0.0424616720320608	-0.00149510080182658
0.000258155227276874	-0.0424757965219211	0.000324807927938875
-0.000359138786867604	-0.0409187121254937	0.00232763366638933
-0.000179366128271796	-0.0423518234983252	-0.00219337698579669
0.000276965917420765	-0.0420355457504726	0.0010971908747095
-0.00058281182746776	-0.0431853103962209	-0.00128071260384544
-0.000905874336663167	-0.0418074528447222	0.00226878122510654
-0.00112996425399617	-0.0411070406973178	0.00130142969707225
0.00119737545409111	-0.0432496560913061	-0.00333165042219929
0.000743698325546872	-0.0427715984636277	-0.000843396383749417
0.000385299809703411	-0.0436542031604289	-0.000989661577624146
-0.000794161430417158	-0.0419318150390571	0.00153182945004771
0.000401664685091084	-0.0414051448307081	-8.02264122818919e-05
0.000954236750522287	-0.0434600952503933	-0.00192592167813532
-0.000504966172443017	-0.0419741185075304	0.000503837459141177
-0.000265970138976012	-0.0418095261696713	-0.00267033435629815
0.00123496649879532	-0.0404579470870746	0.0039334872051856
0.000461928680044417	-0.0430741731092498	-0.00181115561295075
-0.000497006666882328	-0.042677000180758	-0.000217608355972843
7.12205566952354e-05	-0.0420462756909153	0.000617502460590114
0.000296970757286588	-0.0416792903397751	0.00114912753682106
-2.18588792152904e-05	-0.0415109291619361	0.00227385300418093
0.000265226129342468	-0.0417237754354381	-0.00121139107007917
-0.000380308118906096	-0.0417048100996604	-0.00137929373904222
0.000417959900673847	-0.0429524609092205	-0.00223109074750105
0.000356332411260464	-0.0426643169780364	-0.00209988176363918
-0.00238023943939918	-0.0415898792521295	0.00353261316925813
-0.000140363337388885	-0.0425716486796737	-0.00334154475678161
0.00216531708500655	-0.0423062911461414	0.000738965109021827
0.000538021805392693	-0.0422754187585882	-0.00286521881781798
-0.000351762893090482	-0.0424926506128094	-0.000217266550455508
-0.0012434311966461	-0.0424277316926172	0.00044576389061235
-3.39552249302051e-05	-0.0417591921405518	-0.0021479880720483
0.000563281757634322	-0.0425463631200183	-0.000733121527732083
-0.000357634873464786	-0.0421762184476806	3.57434973462523e-05
0.00108233725532075	-0.0418154032022312	0.00255326948405765
-0.000375520039303565	-0.0419804080095425	-0.000153342350155738
0.000211469692628155	-0.0431857275891153	-0.00145071825747767
-0.00170356438063488	-0.0423137120367667	0.0017501559942058
0.000338768389011784	-0.042799514113746	-0.000957615077668672
0.000560818981539594	-0.0410963524909656	0.00170556569571079
-0.000496715986216128	-0.0410423710496224	0.00110168202776129
0.000873278247431306	-0.0434654883031129	-0.00143868333088892
-0.000408959350877307	-0.0426426323192033	0.000702406152036761
0.000338646515824145	-0.0415832927097229	-0.00102471779491098
0.000477102387313886	-0.0413415368405588	0.00115867999809738
-0.000136380435104413	-0.0408617170043531	-0.000624983922716926
-0.000501101568764924	-0.041702179775249	0.00167015755862121
0.000893768399872309	-0.0420397549191858	-7.76622667714166e-05
0.000306681972079254	-0.0427781309628244	-0.00113223624858827
-0.00144351036948172	-0.0417886469111576	0.000534056645373759
-0.000828759297111539	-0.0417715190607845	-0.000127786761896953
0.000812471466642904	-0.0433104196510046	-0.00158762313140981
0.000292720193929352	-0.0421119923419324	0.0010311284995258
0.00039408089105239	-0.0418473997781632	-0.000313260342440502
-5.3596214518243e-05	-0.0424510197939393	-0.000310946986535332
0.000706826477880042	-0.0428259880037194	-0.00342945538607653
0.000319176805885571	-0.0424554201210675	0.000859095356556705
-0.00083166570777158	-0.0425104471983272	0.00122646746530786
0.00087005183817062	-0.0422903048822553	0.000269201128535568
0.000614400072537866	-0.0419288723933884	-0.000453736781096059
0.000706069264479504	-0.0430185777625127	-0.00140575851816038
-0.000829275171865082	-0.0434325711659366	0.00212138437486775
0.00113689862447719	-0.0438705841648255	-0.00211211058240834
0.000172425360723934	-0.0433376210217442	0.00143625238710843
-2.51872240198819e-05	-0.0438331338188038	7.97725422473361e-05
0.000516747945272403	-0.044379298865904	0.000310294667987598
-0.00069615140681252	-0.0434253035199955	7.75115525115666e-05
0.00138349484467387	-0.0448450769595721	-0.00201420261136676
-0.000768230761224314	-0.0446602624879765	-0.000785747805385317
0.00140038878621173	-0.0446857351222566	0.00219159677442959
-0.00124007661493078	-0.044374207706811	0.000515586836149162
-0.000211712304756605	-0.0439919043142404	0.00259492367279135
2.43934880220717e-05	-0.0445546491008605	-0.00186012050890427
-0.000254727293306542	-0.0451482687893767	-0.000611860814071941
-0.000658562528134454	-0.044265177605803	0.000836677285970366
-0.000581562337173248	-0.0435902053926127	7.51609162190636e-05
-0.000442539766842314	-0.0440669744991115	0.000708588226958518
0.000558193965235335	-0.0449485350449445	-0.00215239251390276
9.82393409772256e-05	-0.0447401799549526	0.0012578096632041
-0.000929832797072778	-0.0423491839561723	0.00140412601175233
0.000220477577207483	-0.0438346560552785	0.00245152385070235
-0.000167112149224258	-0.0441887806872281	-0.00161318749506167
0.000488571835976725	-0.044029264376678	0.00188319152345917
-8.42641611654531e-05	-0.0441540887280087	-0.00210548188269832
-0.000487189037434863	-0.044691596421	0.00109171311971556
-0.000296998802074559	-0.0437932736804663	-0.00141657976759135
0.000101033890930982	-0.0451191926165718	0.000992131358675929
-8.83299825485059e-05	-0.0442692384060485	-0.000284338105226989
-0.000452489482383252	-0.0440508282293322	0.000733021468086847
-0.000937736274835888	-0.0442176697636782	-0.0014406407821983
-0.000420352635430828	-0.0433677072361016	0.00479894993780916
0.000426032746737481	-0.0446817060966921	-0.00355035032182671
0.000192241599188299	-0.0448634232164826	0.00163697458096468
0.000363631562933325	-0.0453270802340218	-0.0015817787766762
0.000260722923457062	-0.0447837852782101	-0.00121883488822261
0.00010619591705701	-0.0433155261145001	0.000454896222352841
0.000637234649375023	-0.0437323313709801	-0.00119671877276739
-0.000963833945845545	-0.0432709039517381	0.000636380759109545
0.000300863433636896	-0.0437851835355069	3.94769661807848e-05
-0.00129407440583067	-0.0442535930767995	0.00128798610529002
0.00103316047563114	-0.0437369130621744	-0.000507602716527833
-0.00168613629677398	-0.0436552837866537	0.00118258776660074
-0.000374529449269245	-0.0448135280974439	-0.0018393914079321
-0.000600800685365235	-0.0438418410559105	0.00175623978201755
-0.0010829042124842	-0.0432162401135991	0.000240839527876457
0.000294688035517243	-0.0449359918020962	-0.000112500767335599
0.000620704385010534	-0.0449117858925319	-0.00345021948520563
0.000335376693958537	-0.00405422745929582	0.00352888466150425
1.785310633849e-05	1.7650231563119e-05	0
4.45043774347122e-06	-0.000335609388754307	0.000704960838084467
-8.99273745287674e-06	0.000335672369073975	0.000728635493108865
5.39734125584504e-06	-0.000335362184919276	0.00291394002615464
0.000337278114727518	1.39981845299143e-06	0.00933382328972976
-7.45811366747232e-05	-1.10191863369817e-06	0.0151807438750038
-0.00122299004771678	0.000316972662219969	0.0209767306375783
-3.36650732863779e-05	-0.00034821192784428	0.0295321603470832
0.000334915229293354	0.000338476861547848	0.0327892953215659
-0.000364511229905579	-0.00036067084755904	0.0414943532842595
0.00136698011117934	-5.01875606240419e-05	0.0381781108690006
-0.000911999156779568	-0.000904809321863628	0.0393765321141439
0.00118187757731234	-0.000346673323203423	0.0365860997011638
-0.00327602927030888	0.00160704712077873	0.0306453120040271
-8.34728538658694e-07	-0.000388697894646626	0.0265379700545502
0.000182462317798193	0.000145732390494644	0.0190750001044395
0.000635194010747361	-4.0397872179401e-05	0.013508182057793
-0.000903491083341979	-6.36659953370881e-05	0.015029672769646
5.37632289097702e-05	7.06751154458522e-07	0.014287793859982
0.000616825260180082	5.82260134062652e-05	0.0136198842763947
0.000273961642733016	0.000569159067457489	0.0134827351451672
5.047538040046e-05	-0.000610513428526758	0.0139592195714973
-0.000204757571669575	-0.000399347958914494	0.0139712951008349
0.000543088980574531	-0.000272375306711201	0.0137543362015227
-0.00109237520631927	0.000400086391678822	0.0127257475808635
