47.6941669131633	59.8568869196044	-1.05581701655318
47.6941669131633	59.8568869196044	-1.05581701655318
47.6941669131633	59.8568869196044	-1.05581701655318
47.6941669131633	59.8568869196044	-1.05581701655318
47.6941669131633	59.8568869196044	-1.05581701655318
47.6941669131633	59.8568869196044	-1.05581701655318
47.6941669131633	59.8568869196044	-1.05581701655318
47.6941669131633	59.8568869196044	-1.05581701655318
47.6941669131633	59.8568869196044	-1.05581701655318
47.6941669131633	59.8568869196044	-1.05581701655318
47.6941669131633	59.8568869196044	-1.05581701655318
47.6941669131633	59.8568869196044	-1.05581701655318
47.6941669131633	59.8568869196044	-1.05581701655318
47.6941669131633	59.8568869196044	-1.05581701655318
47.6941669131633	59.8568869196044	-1.05581701655318
47.6941669131633	59.8568869196044	-1.05581701655318
47.6941669131633	59.8568869196044	-1.05581701655318
47.6941669131633	59.8568869196044	-1.05581701655318
47.6941669131633	59.8568869196044	-1.05581701655318
47.6941669131633	59.8568869196044	-1.05581701655318
47.6941669131633	59.8568869196044	-1.05581701655318
47.6941669131633	59.8568869196044	-1.05581701655318
47.6941669131633	59.8568869196044	-1.05581701655318
47.6941669131633	59.8568869196044	-1.05581701655318
47.6941669131633	59.8568869196044	-1.05581701655318
47.6941669131633	59.8568869196044	-1.05581701655318
47.6941669131633	59.8568869196044	-1.05581701655318
47.6941669131633	59.8568869196044	-1.05581701655318
47.6941669131633	59.8568869196044	-1.05581701655318
47.6941669131633	59.8568869196044	-1.05581701655318
47.6941669131633	59.8568869196044	-1.05581701655318
47.6949475809546	59.8548257604939	-1.05581701655318
47.6969408247831	59.8513035948365	-1.05588169864552
47.6987506616716	59.8474202183314	-1.05652600898152
47.7057284937779	59.8353439762249	-1.05616803011328
47.7274796173924	59.798307555104	-1.05142197913202
47.7577413202452	59.7368975698368	-1.05665322764198
47.8025454396648	59.649050385821	-1.06272851284688
47.8638768556674	59.5343597866147	-1.07028307914889
47.9318440091643	59.4093733310986	-1.07180553358853
47.9990003010238	59.284116238022	-1.07255654432825
48.0643776935756	59.1626536116226	-1.07482199077121
48.1280483898392	59.0484153822924	-1.07226581679419
48.1886689672482	58.9386743288949	-1.07297399092059
48.2452168558966	58.834020280712	-1.07453387350274
48.3004702353222	58.7343872755177	-1.07574687407953
48.3513241870539	58.6360262637458	-1.07858854498932
48.4003866038433	58.544201344944	-1.07785923759737
48.4513524534601	58.4530521136519	-1.07326119823442
48.5008909658246	58.361712981821	-1.07440777840489
48.5520834381916	58.2693175643466	-1.07494919940853
48.6018355000688	58.1783349467656	-1.07108966534906
48.6535251201056	58.0854759122544	-1.06168904250122
48.7053659293396	57.9938391900377	-1.0519907051469
48.757230682014	57.9022732246313	-1.04294315583447
48.81027695162	57.8115527354816	-1.036750856566
48.8609729220127	57.7212667357316	-1.0361991856459
48.9148863256562	57.6302113296281	-1.04241448686829
48.96728930974	57.5376119361249	-1.05515464715684
49.020001715333	57.4453147933191	-1.07221510115882
49.0699849723014	57.3552688648192	-1.08816085339461
49.1167587787021	57.2615268734769	-1.10577394429964
49.1632889526117	57.1658510412469	-1.12414157700148
49.2087989680774	57.0711475376169	-1.13497381144292
49.2539249072536	56.9747651977898	-1.13808667442021
49.2979610549864	56.8801427336833	-1.13408178172618
49.3432782608583	56.7865908746824	-1.1247005665677
49.3890775887856	56.6932664494376	-1.10936594103943
49.43637706496	56.6004853170026	-1.08635235978138
49.4854546735317	56.5088022893459	-1.05859449395491
49.5372479694814	56.418323372086	-1.02587634586828
49.5920857975751	56.3301517446866	-0.986182501887985
49.6517349303134	56.2436633409598	-0.939548453362673
49.7164159888052	56.1578233976543	-0.888071577281274
49.7844789481841	56.0759271718818	-0.840393011526111
49.854537899265	55.9984698072226	-0.793642728770141
49.9295610606019	55.9243959476109	-0.743843711201848
50.0090798882434	55.8529628194188	-0.694404926069682
50.0909032174398	55.7864920505587	-0.643693067090346
50.1483557884228	55.7453273119101	-0.611062625785663
50.1451917582148	55.7436331589035	-0.614282026542992
50.1450201000019	55.7433930388222	-0.613423529651649
50.1514437844437	55.7388168705878	-0.61239461719225
50.1621121745754	55.7322941143951	-0.611273601788059
50.17747851877	55.7204035306119	-0.61022571445316
50.1951755093434	55.7084418388193	-0.609857911785037
50.2152486592573	55.6941231699751	-0.610292679340819
50.2388547159779	55.6771949827927	-0.609301935852873
50.2675063804987	55.6583265362603	-0.606542458477577
50.3006771670132	55.6339938934302	-0.604347776661589
50.337998543421	55.6090108781891	-0.603244691049458
50.3744426557737	55.5833532036418	-0.604067859170602
50.4106822647203	55.5572540070826	-0.605394086403027
50.4470472600873	55.5319289345717	-0.604213945552001
50.4831047144134	55.5055270521041	-0.606118637586706
50.5201717275179	55.4801832454689	-0.60477598381573
50.556816865284	55.4556356204539	-0.606775728758523
50.5933386656431	55.43034306638	-0.608875542955002
50.6290748419415	55.4045787067558	-0.611766480454653
50.6661514895281	55.3797231145546	-0.612559752870435
50.7022163369649	55.3535488845982	-0.613340990060017
50.7390575172376	55.3279817187193	-0.613382411462267
50.774815630985	55.3041467189095	-0.60980793865009
50.8122825649384	55.2804550933909	-0.606214294826047
50.8470647965894	55.2558737724102	-0.607645612474388
50.8831847170632	55.2303482655303	-0.603372542286271
50.918959089602	55.2040403241981	-0.603309077209716
50.9557909471279	55.1794986620281	-0.600436764090921
50.9919148536835	55.1531377750433	-0.600142431825665
50.9941932427718	55.1537016858059	-0.600494787259969
50.9934478082918	55.1545838228013	-0.602767034979222
50.9952350653487	55.1529416892859	-0.604086655628007
50.9949348628932	55.1523629842736	-0.604812480412806
50.9949091720538	55.1523258171651	-0.604717096190489
50.9945159032002	55.1518370731925	-0.604007374126044
50.9942645189675	55.1520703061869	-0.601458476395431
50.9943734986818	55.1519238414824	-0.592506721234182
50.9947887635767	55.1516428075699	-0.578969919062069
50.9948466884067	55.1516086300002	-0.558367209906863
50.9951410864597	55.1518219355039	-0.537780719260385
50.9954925908109	55.1516132278643	-0.514302756937316
50.9964483153731	55.1499081287274	-0.496725945032501
50.9965912594406	55.1504107452832	-0.480831211567993
50.9971356686355	55.150138362792	-0.473460504545277
50.9970472461741	55.1492291614355	-0.470615829102307
50.9968119474888	55.148972053423	-0.471914855860414
50.9968286522658	55.1485721651771	-0.480392108050109
50.9971604912573	55.1486779052054	-0.496058158278589
50.9967006760049	55.1474561522923	-0.517910943927542
50.9955220997751	55.145971578895	-0.544664402188435
50.9967363645259	55.1462011188767	-0.577289617858417
50.9982584639705	55.1480901007104	-0.620382794092764
50.9970396629193	55.1481426780484	-0.664644672327891
50.9971595467728	55.1483447299035	-0.709312338050944
50.9963620321683	55.1473932836035	-0.749326996685999
50.9963620321683	55.1473932836035	-0.748597553240524
50.9981317922725	55.1457484971639	-0.749305682278503
51.0036415552049	55.1410861606788	-0.747888444176115
51.0156727651685	55.1302823008741	-0.747612167278041
51.0303928118381	55.1188654842135	-0.74888188058951
51.0504681542166	55.0980647343751	-0.750720409084416
51.0733544258698	55.0769165463964	-0.749684629404574
51.0973775001202	55.0544024930901	-0.751110873082723
51.1202631743108	55.0319015974402	-0.752070537899097
51.1436543591822	55.0092122875253	-0.753338590338046
51.1673888888216	54.9871646884603	-0.754082750933004
51.1904653632187	54.9655280948367	-0.755048384118833
51.2147092618971	54.9434340265648	-0.753815047664676
51.2375637689668	54.9238589254879	-0.749627252583227
51.2605113201173	54.9015750921375	-0.749280559298265
51.2834697560831	54.879041557103	-0.74965711402391
51.3075178968894	54.857597242052	-0.748944987185793
51.334042190389	54.8334397493778	-0.748929096252158
51.3626479993374	54.8063410712523	-0.748867860633618
51.3944960237794	54.7771418757624	-0.750176793883209
51.4267536815067	54.746698114022	-0.750620006955933
51.4593066125593	54.7175034076618	-0.748570076436437
51.4916132971645	54.6879385636951	-0.747621502000159
51.5239975864464	54.6552602845488	-0.751484396213187
51.5551688925629	54.6259914403645	-0.74916663560898
51.5875490971291	54.5961499497042	-0.749274104482602
51.6195016336837	54.5672515499084	-0.749322249398713
51.6502863972978	54.5372187776552	-0.750030171715909
51.6834380271375	54.5060354401645	-0.749149407033146
51.7219486024141	54.4696067670642	-0.748807877225867
51.7631096371265	54.4329187471211	-0.746942494708421
51.808060409678	54.390299428927	-0.749361640984225
51.8525673834604	54.3506203087002	-0.744643687928169
51.8960014282678	54.3109749017812	-0.742694197365051
51.9404891644143	54.2706635902385	-0.741259763976124
51.9854291646655	54.2307492726	-0.741494309633712
52.0293294413556	54.190893871988	-0.740038594767077
52.0734961628706	54.1502602550658	-0.740257654626864
52.1183589333324	54.1102171286256	-0.738835093763323
52.1630072001005	54.0706434071673	-0.737811235514607
52.2079592191957	54.0292621199974	-0.737480127516028
52.2517181764674	53.9873108021209	-0.740651630222529
52.2952003499909	53.9460199923604	-0.742480507377849
52.3392025938482	53.9033435441903	-0.745023738644445
52.3830083038805	53.8628214835087	-0.744498986689745
52.4281630781941	53.8211991529857	-0.745180726516444
52.473062719009	53.780702269489	-0.745000052285889
52.5183079193572	53.73991436179	-0.744292173172226
52.5632216563144	53.6998753992174	-0.742427415787301
52.6081935889301	53.6607489856064	-0.739155271961513
52.6525457090522	53.6212172614488	-0.737255159173363
52.6971396804283	53.5819446615253	-0.735929591591622
52.7419142335503	53.5419744630531	-0.734367310907831
52.7873832944699	53.5015048281732	-0.733505249239489
52.8325928123596	53.4636057104837	-0.729936900525506
52.8785610793863	53.4229235346366	-0.729936900525506
52.9234005309808	53.3841413074479	-0.727968319029057
52.9686489037338	53.3434723174798	-0.729109125353455
53.0137089624908	53.3026806357389	-0.729288176254495
53.0565425932062	53.2645014504588	-0.72472726864172
53.102165928388	53.2219847206957	-0.72559039414582
53.1465721763039	53.1808791823689	-0.72747913332804
53.1920630819367	53.1402151989793	-0.729099794949172
53.2380031895153	53.0996514708283	-0.727780450345742
53.2841572177952	53.0575787697396	-0.729825675840401
53.3276893965167	53.015970789131	-0.731930852176473
53.3674113464683	52.9824878421028	-0.72565722565596
53.4148310609372	52.9519711591776	-0.716318169740067
53.460455572761	52.9175394219165	-0.70980675533333
53.5075426423576	52.8779478396836	-0.709807219413305
53.5563179201569	52.8355393855056	-0.71048549021874
53.6006029850732	52.7991957864549	-0.708444947736099
53.6488044583026	52.7586556290995	-0.714085804431234
53.6928952510194	52.7200792064457	-0.713244775826044
53.7391559523147	52.684156788413	-0.706963597461035
53.7856036709469	52.6444512022843	-0.707635628489373
53.8321026354073	52.6054882713881	-0.706994640329409
53.879545223131	52.5653974358051	-0.707612158229107
53.926790985569	52.5246391322157	-0.709794031211444
53.9748978618029	52.4842085249082	-0.71167482319871
54.0212209341194	52.4459669229034	-0.70914208190947
54.0674851273138	52.4061702712225	-0.710641710685937
54.1121672183484	52.3695101548369	-0.70697120363634
54.1580420282275	52.3314003605848	-0.706780828255139
54.2035951792657	52.2927620365148	-0.708299941077441
54.2494377640653	52.25375442985	-0.70926660417204
54.2957614487631	52.2166099930853	-0.706627653871309
54.3423829495342	52.1777432828958	-0.706592591863654
54.3874080647804	52.1380772244394	-0.707858554419013
54.4343037420212	52.0976077056445	-0.709409453036518
54.479549014583	52.0602460102976	-0.706704916963542
54.5261294646716	52.019818459617	-0.708988131482762
54.5713820448427	51.9809627260176	-0.708487099511795
54.6175363776287	51.9421278639648	-0.70953768317049
54.6637902555977	51.9029878857957	-0.708277658231207
54.7105493673641	51.8615719248995	-0.709702564578008
54.7571094966984	51.8210438910269	-0.709083860212049
54.8033952972914	51.7812622598959	-0.708047754625362
54.8499144503542	51.7412580871533	-0.708318326697092
54.896741562801	51.7013552645196	-0.707092833867068
54.9438954624537	51.6603598916363	-0.707068213761139
54.9898693493507	51.6196299451631	-0.708982079383283
55.0361403566106	51.5788896323837	-0.709950921298723
55.0826727157364	51.5382460232518	-0.712096277628005
55.1287651851634	51.4967891462109	-0.71468217759194
55.1751064144119	51.4551931197038	-0.717250363375779
55.2196527020926	51.4148842050264	-0.719235884166687
55.2647971531623	51.3740980904581	-0.722823252042546
55.3099145700412	51.3344256430267	-0.723138609455562
55.35458749127	51.2944843690263	-0.725456395576392
55.3997657510971	51.2533572668059	-0.727796606910142
55.4435969258548	51.2110995734898	-0.731778254629254
55.4867786555111	51.1683021763157	-0.734280155569538
55.5298691556301	51.1261804508337	-0.738885298372596
55.5715710269453	51.0823238419813	-0.743908219986427
55.6145876935106	51.0401218058265	-0.748974316670961
55.6584898676757	50.9990088277645	-0.75177872724394
55.7023181791728	50.9587214946556	-0.751392208573126
55.7464207214301	50.9179686386174	-0.75172649963589
55.7900119857244	50.8796904029497	-0.746586797769452
55.8329092652456	50.8414611156426	-0.742828970196607
55.8765252371081	50.8015740524033	-0.74065968128033
55.9204697307162	50.7591709992009	-0.742088398024497
55.9649691586216	50.7190968726293	-0.741563809019554
56.009997344581	50.6770762098906	-0.743174179830344
56.0538445281935	50.6352184861631	-0.747965532563195
56.0996008199985	50.5935388641934	-0.74934082910113
56.1465793958236	50.5496067574873	-0.751128362151539
56.1959205733718	50.5032764581134	-0.754284393280019
56.245082426762	50.4550564750511	-0.755820153822264
56.2920577871798	50.4076508148042	-0.757682827806039
56.3413200739829	50.361258828767	-0.758134160468266
56.3925440407163	50.3142018251941	-0.758870456390454
56.442605069875	50.2633210786669	-0.761052402737011
56.4971930300381	50.2140645910984	-0.760680689080531
56.5517312608143	50.1624834966215	-0.76146115210591
56.6086880945099	50.1089579649421	-0.758202163435244
56.6667400790594	50.0525888665962	-0.760351165984604
56.726222940074	49.9952173973499	-0.761270468076455
56.7872635105731	49.937717544329	-0.760311585310886
56.8468557386525	49.8797044223999	-0.760758610685174
56.9068532673577	49.8217208430059	-0.760538318182361
56.9674570736974	49.7668517942127	-0.756284465548709
57.0276785389898	49.7061526965086	-0.758959315789126
57.0889108488065	49.6467202300997	-0.762978214361839
57.1508056465907	49.5878890887977	-0.763775777717596
57.2114762988384	49.5300678094052	-0.764080730832166
57.2733870795573	49.4698676013169	-0.764965011842122
57.3344584728014	49.4105709716412	-0.766232781035101
57.3952039020943	49.3532218810651	-0.76425924369626
57.4568817333948	49.2950839192613	-0.763526632032053
57.5173210443486	49.2381737934308	-0.76171069944304
57.5773152682071	49.1802772684204	-0.762483425271039
57.6389102756953	49.1206900849565	-0.763505178950122
57.699505119583	49.0625342220058	-0.762639550085853
57.7604093679384	49.00423669161	-0.762340799791535
57.8213915111146	48.9460653756545	-0.762639661957178
57.8825888919872	48.888697093295	-0.761198346962832
57.943189018098	48.8324622242465	-0.758904137546305
58.004877949501	48.7741548158193	-0.760490706312437
58.0665487867005	48.7148058635536	-0.759884573367152
58.1270847520506	48.6575730968882	-0.758939738018033
58.187812756812	48.6009304007745	-0.757784278428256
58.2480757653355	48.5440381170429	-0.757444198199182
58.3101662003487	48.4848801176094	-0.757310281546324
58.3739328830599	48.4246535938839	-0.757156460740416
58.4376315536361	48.364917925148	-0.75641462574004
58.5019486595519	48.303753997117	-0.758319737512138
58.5658074122666	48.2419277185083	-0.760346540488533
58.629966439489	48.1803704387494	-0.75983216147242
58.6940794073918	48.1181502251569	-0.76168673606208
58.7584255659834	48.0547942845613	-0.763849509987113
58.8219864563731	47.9933957399034	-0.763358976311101
58.887485248851	47.9311566613663	-0.762626665445933
58.9498878144866	47.8727531168461	-0.76166428667485
59.0147614580629	47.8099662937085	-0.761815519254785
59.0781050808005	47.749595664246	-0.762451393947678
59.1419128002521	47.6890522529093	-0.761842152332003
59.206860483247	47.626258163101	-0.762535573551477
59.2712944094336	47.5659690114006	-0.760525873748163
59.3356993233093	47.5048046268945	-0.759716114824272
59.3995828154014	47.4432641863796	-0.761812438055202
59.4633378678238	47.3839990473408	-0.759714140721332
59.5277631815882	47.3228907757894	-0.759722436666997
59.5913873592668	47.2644182414103	-0.757631163458629
59.6562448995072	47.2030122158409	-0.758347784606601
59.7208773912775	47.1413344138885	-0.757704555164848
59.7852728788995	47.0808644706533	-0.756828236223881
59.8499944232897	47.0186991268981	-0.75892186678956
59.9145933156613	46.9569858148455	-0.758881269332511
59.9788018836091	46.8983853774977	-0.755455124080053
60.0428597650348	46.8365831653435	-0.757480188378428
60.1067729573041	46.7769990273177	-0.756979277496559
60.1706882759708	46.7169465081904	-0.757811776911632
60.2347672460791	46.6547248341713	-0.760618860081155
60.2989272425537	46.5926512285718	-0.761905881523533
60.36316852355	46.530571728527	-0.762908015609276
60.4271027821234	46.4699862031749	-0.762905035194209
60.4912130934606	46.4088748742407	-0.762157311127583
60.5558255461198	46.3478596685787	-0.760290007610528
60.6199634163656	46.287682613976	-0.758706880464538
60.6835657634289	46.228347303316	-0.757824955932625
60.7476809324017	46.1681476181506	-0.756426534501681
60.8114909426922	46.1080298774585	-0.757313969951337
60.8751024505019	46.0471909439655	-0.75871994266651
60.938750618178	45.986774750994	-0.759573135522983
61.0027570573869	45.9245360068243	-0.764266985818256
61.0660527055169	45.8636688300582	-0.765312029313135
61.1294070339006	45.8023215523831	-0.766568788417778
61.1932370190044	45.7399276788797	-0.768850558476261
61.2578297156885	45.6792244324324	-0.766774797306423
61.3209225917874	45.6181646691542	-0.769632031193834
61.3845800209241	45.5549635663892	-0.771613498759906
61.4482196072854	45.4941441615812	-0.768678429090173
61.511993129815	45.4333112307954	-0.76745790797304
61.5756680824542	45.3712413196827	-0.768637125545839
61.6391168975392	45.308869413891	-0.770292291612993
61.7034662088252	45.2459052253889	-0.77102597063788
61.7656116441616	45.1838157597133	-0.772444718688442
61.8284893977258	45.1224156458499	-0.772444718688442
61.8915512461831	45.062501389256	-0.772161379654941
61.954001723923	45.0004373516725	-0.77458911661319
62.0177135995364	44.9404658913911	-0.770005283070048
62.0818813444062	44.8798998094039	-0.768847220822092
62.1461764204348	44.8205746343497	-0.766165912452932
62.2102034520384	44.7583915290881	-0.766266842036495
62.2743048319375	44.6969271385096	-0.76554435744223
62.3373583629341	44.6356164814509	-0.766593452872442
62.400648562732	44.5736326844186	-0.768056697273346
62.4638897986578	44.5130044515995	-0.768408980952253
62.5277338198294	44.4524643200422	-0.767695706554735
62.5911379457775	44.3900725005288	-0.768428361526355
62.6545237235734	44.3291239668245	-0.767675288719563
62.7182164841907	44.266407352909	-0.769406009701302
62.7819726405826	44.2049511608392	-0.768952783192759
62.846055826693	44.1419262013585	-0.769341367814718
62.9097491857899	44.0791114186197	-0.769330762941429
62.9739325027404	44.0171621853231	-0.76948008625834
63.0378644861293	43.9535038610682	-0.772734928058402
63.1014538875136	43.8910378029964	-0.772558531351387
63.1646236469775	43.828847927823	-0.773262724641684
63.2274036304521	43.7667853947101	-0.773976390678034
63.2904331774329	43.7035051450967	-0.777341778383284
63.3530660981443	43.6410568581149	-0.77778346617075
63.4167692590785	43.5779336565454	-0.779539368617524
63.4790780144807	43.5149849267899	-0.780061441512013
63.5422205903528	43.4523503994804	-0.782757716641179
63.6056866271433	43.3895512477568	-0.782822468444965
63.6679627342571	43.3280811615922	-0.784066557665257
63.7310227160367	43.2669615314087	-0.781699057085055
63.7942854407593	43.2047728187001	-0.78110931003333
63.8578260928988	43.1421311305603	-0.780970546159599
63.9205902246798	43.0813517859663	-0.778816008712566
63.9838454058263	43.0201024838984	-0.776192996649522
64.0467034208849	42.9578300915311	-0.778337364899144
64.1093473322766	42.8961198771173	-0.778083299330525
64.1718193049479	42.8350705192588	-0.777882896982815
64.2351528355817	42.7727700943224	-0.77726932944797
64.2976770740668	42.7103965735972	-0.777193594940744
64.3343965048682	42.6677276527647	-0.792105421933731
64.33199035687	42.6685100674368	-0.794891448350096
64.3302221566268	42.6698852764719	-0.792986110116771
64.330516909283	42.6695458016518	-0.792986110116771
64.3305205124369	42.6700206448331	-0.79161309630327
64.3307478756961	42.6702682196761	-0.790186581227521
64.3305210214646	42.6700202202429	-0.783239055207436
64.3312241567873	42.6693262728465	-0.769706431225166
64.3312375520191	42.6693131101878	-0.751185876441051
64.3302735640998	42.6692706489908	-0.723327358219818
64.3307413945641	42.6692699085889	-0.691112918347818
64.3295288882527	42.6693710785446	-0.654494148664953
64.3308635926534	42.6683519617084	-0.609953093772688
64.3309597266903	42.6679043235735	-0.565571849821502
64.3314412630695	42.6680133092103	-0.523299361853224
64.3314310883503	42.6680101185904	-0.481060858461229
64.3318945430694	42.6666479806037	-0.440988215795501
64.3324604160133	42.6670681323543	-0.409130909218592
64.3324079442494	42.6660003490608	-0.38111426495976
64.3325071659992	42.6645545844506	-0.362575835610035
64.3325156529085	42.6645383591257	-0.347681926772346
64.3323086418535	42.6638894436602	-0.339230898085903
64.3324984328342	42.6634925125517	-0.335842348136044
64.3320651630376	42.663267271115	-0.337517463032256
64.3321053247355	42.6621941502489	-0.346846906034059
64.3325611142808	42.661683540197	-0.356906236758399
64.3319283524346	42.661907638497	-0.36466714733371
64.3319053167156	42.6625883709887	-0.377117187336076
64.3320814372351	42.6621902947327	-0.396008235132728
64.3327566850771	42.6623069862013	-0.420666857438018
64.3316861440691	42.6630979408521	-0.450255842969036
64.3319777871006	42.6622292190414	-0.487403059549627
64.3317634552802	42.66175771949	-0.531339212960005
64.3317387554745	42.6624873610895	-0.581247718030588
64.3304291718908	42.662339286516	-0.637543507343019
64.3308785078798	42.6612334924594	-0.701795575290859
64.3305586831974	42.6615240255976	-0.769502754584069
64.3302335196021	42.6626352130833	-0.844763559503965
64.33043309797	42.6630776974455	-0.922509036756253
64.3308951817891	42.6622419677386	-1.01034727700331
64.3299997133726	42.6614397699516	-1.10297108599067
64.3300516716963	42.6617889391961	-1.19873427627044
64.3301964108453	42.6619490238817	-1.29456635853721
64.33109528742	42.6635994002646	-1.38902558082799
64.3305965508984	42.6643503881076	-1.48541889464404
64.3309759835124	42.6651201553877	-1.58378756150493
64.3311529874096	42.6652619699682	-1.68018386500332
64.3310019500318	42.6640768093527	-1.78139522144074
64.3317001327375	42.6644390967308	-1.87527794941879
64.3311445537866	42.6638013206846	-1.97647136405458
64.3307864948237	42.6638670820206	-2.07350440644003
64.3310354009948	42.6638055184843	-2.17108093953366
64.3305306298511	42.6641536063244	-2.26649607919925
64.3333892565663	42.6641983605638	-2.31084659716464
64.3330270465132	42.664059080349	-2.31121297695192
64.3301166288124	42.6611175487117	-2.31062249103826
64.322899407013	42.6532039424584	-2.30900592872158
64.3128221175235	42.6425028331502	-2.30992317704951
64.2964488426522	42.6251580335195	-2.30849979454081
64.2781900630693	42.6049106506504	-2.30778087093369
64.2560308720708	42.5807683128708	-2.30657100232481
64.2303302600749	42.5531028526097	-2.30625487264822
64.2022437255093	42.5221224863489	-2.30925362073537
64.1716351191703	42.4885018975983	-2.31019427532155
64.1414368600735	42.4565459504981	-2.31068464832847
64.1123756578063	42.4241906401521	-2.30971003959902
64.0824875612524	42.3914102009494	-2.31090234555256
64.0537088708499	42.3588880070902	-2.30948435070458
64.0231265577217	42.3266446190203	-2.31042984593166
63.9938793139246	42.293902194708	-2.31019142984077
63.9635684619595	42.261340193126	-2.31188198261098
63.9341891805105	42.2282333153398	-2.31259747345926
63.9038137004731	42.1959122796518	-2.31295725566426
63.8748182082865	42.1638061977886	-2.31187790104191
63.8434043702125	42.131058905403	-2.31291714800939
63.808863713306	42.09213902721	-2.31332922220077
63.7725084226063	42.0515071792222	-2.31231691544613
63.7332751599233	42.0072725674201	-2.31231691544613
63.6938264744349	41.9631069624494	-2.31231691544613
63.6546746603484	41.9198090491391	-2.3108463100736
63.6167889627532	41.8769562414116	-2.31022355797328
63.5799674805833	41.8334659851526	-2.30908170240004
63.5437107090745	41.7900899548727	-2.30521668249896
63.5073640461832	41.7466766402148	-2.30264790980632
63.4705848522759	41.7023684194767	-2.29975359280933
63.4321931582515	41.6570204721575	-2.29828102156274
63.3930702579385	41.6120119306007	-2.29719234852235
63.353871037873	41.5673695589912	-2.29648367563858
63.3142996493542	41.5222603216696	-2.29720258730471
63.2751039194949	41.4763330982702	-2.29575261562151
63.2350254090517	41.4302860205804	-2.29468279240706
63.1933521525457	41.3831587151629	-2.29501912392611
63.1508432188241	41.3367102626689	-2.29760699685797
63.1086760850693	41.2918879466873	-2.30106258525984
63.0658678840688	41.2461866610942	-2.30393857632959
63.024557846619	41.2015499227586	-2.3046348674685
62.9821153126564	41.1568215355269	-2.30644555233346
62.9412897526233	41.1119418679288	-2.30713916393815
62.901629501664	41.0679023070117	-2.30664581849791
62.8614414835168	41.0232011546988	-2.3058994060989
62.821776598038	40.9796234647627	-2.30630682452341
62.782350944479	40.9370896498861	-2.30659240166132
62.7426316857037	40.892584093322	-2.30554946770356
62.7028043877446	40.8483187754837	-2.30584734519732
62.6618288793433	40.8038896912581	-2.30596776908301
62.6200148558109	40.7587073088734	-2.30625805448326
62.5782490917905	40.7140598969545	-2.30782042457541
62.5359047021646	40.6696831136695	-2.31137807389078
62.4942309543255	40.6248322759499	-2.31264738804051
62.4513422741753	40.5791835834182	-2.31472042231351
62.4075678539992	40.5345043625897	-2.31826561568927
62.3633254301975	40.4890319950832	-2.32139440434722
62.3194313240956	40.4443569555756	-2.32496208817045
62.2769275156374	40.3998412052237	-2.32523259007398
62.2342999837528	40.3556459251527	-2.32663273718014
62.1921348100972	40.31124160667	-2.32638678087376
62.1510686055507	40.2667630046591	-2.3251792328229
62.1094684601422	40.2230031530039	-2.32541037931457
62.067547883796	40.179059976441	-2.32422634132823
62.0262271311967	40.1355336450827	-2.32594683629004
61.9870909727502	40.0934353744208	-2.3254284510809
61.9471539029423	40.0514726120292	-2.3256327202342
61.9069582319928	40.0087547252637	-2.32613651533838
61.8669401672715	39.9667675705278	-2.32736247269472
61.8270521723714	39.9243906393974	-2.32755386723534
61.7862670084336	39.881163769272	-2.32629115615419
61.7452713966808	39.8373866935782	-2.32611216955744
61.7040909984916	39.7927970366384	-2.32518963647093
61.6627113507473	39.748636229687	-2.32483173174913
61.622540610396	39.7048542015239	-2.3240924647682
61.5795008096821	39.6592248612152	-2.32448841643585
61.5355363387903	39.6131664546937	-2.32565268977607
61.4918784162616	39.5683831592687	-2.3273632699229
61.4479623635851	39.5234347335654	-2.32929749607668
61.4037283529761	39.4791970858349	-2.33167922829407
61.3600695166234	39.4340893122725	-2.3312943885962
61.31433435675	39.3878904541335	-2.33313014682195
61.2692893223251	39.3431612179029	-2.33656196481701
61.2225417826466	39.2984534467457	-2.34210229474154
61.1769515547224	39.2541778908761	-2.34451716504357
61.1322450236596	39.209948341876	-2.34593849511042
61.0883042789676	39.1670291719056	-2.34807202570516
61.044030815203	39.123980162849	-2.34949189188959
61.0010992642114	39.0815785971776	-2.35098032761243
60.9599089055249	39.0399999774027	-2.35031176560374
60.9196212661222	38.9982650338345	-2.34820778305514
60.878595969833	38.955975994052	-2.34736378517742
60.8385179498864	38.9126788821308	-2.34450103391763
60.7969002888661	38.8694700544615	-2.34439904068749
60.7549810572148	38.8260917275185	-2.34445936680011
60.7118599315721	38.7846539559791	-2.34298953078
60.6702062578109	38.7404293598603	-2.34159596878093
60.6287316492501	38.6972578049304	-2.33946636844282
60.5877577643681	38.6557617433086	-2.33512869274922
60.5467158107958	38.6138697579212	-2.33228609340583
60.502694638513	38.574210925128	-2.33368744315229
60.4579611263498	38.5322008719486	-2.33300233303015
60.4143403406297	38.4880265028184	-2.33446297776477
60.3710208268758	38.444251024044	-2.33651856215169
60.3284211148876	38.4005269748597	-2.33661680887468
60.2854633938062	38.3567970490709	-2.33870048080822
60.2415832137714	38.3134267518667	-2.34162877821177
60.1971774139677	38.2701928435207	-2.34511540236818
60.1530492232728	38.2269335198909	-2.34646284526242
60.1107850282083	38.1843827455268	-2.34726158557536
60.0699689412248	38.14263154999	-2.34613162980947
60.0302825261891	38.1000832300227	-2.34191144821889
59.9907845825718	38.0584717409079	-2.33972046391988
59.9510804148183	38.0167941235113	-2.33825867083695
59.9117024285781	37.9748571604005	-2.33681732830088
59.8713772200779	37.9320877068773	-2.33549359829247
59.8312532695746	37.8904204758304	-2.33588580937436
59.7897231180525	37.8471954624126	-2.3357556008561
59.7477440560424	37.804072527266	-2.33660843132918
59.7057565408683	37.7607447538502	-2.33759415334376
59.662771405014	37.7170786587898	-2.33757981947703
59.6206102969231	37.674059159944	-2.33828727665332
59.5815340518874	37.6336784897426	-2.34092067528954
59.5782371659056	37.6336693338673	-2.34647825668567
59.5775198589587	37.6342586694837	-2.34701803271097
59.577345451777	37.6338387771207	-2.34719542774387
59.5771666666066	37.6336589012235	-2.34683660455327
59.5769872334527	37.6338327185958	-2.34560056913816
59.5771172670028	37.6334857749283	-2.34431661447589
59.5770143137375	37.6341311480915	-2.33894804379625
59.5766983358764	37.6338910445825	-2.32611607753722
59.577138541936	37.6333610193203	-2.30627628775648
59.5763882309255	37.6334494478257	-2.28001026108151
59.5770740565382	37.6334629042478	-2.24702983834551
59.5760953073229	37.6323566080138	-2.20994563608395
59.5766333668551	37.6327930490927	-2.16386021667287
59.5762180143739	37.6319593206904	-2.11764689680683
59.5763150483038	37.6320372135075	-2.05915474455209
59.5758453706415	37.6319011726431	-1.99892848295311
59.5750315144247	37.6313973574502	-1.93066298737106
59.5751407730545	37.6307898925309	-1.85350957478222
59.5757768530598	37.6322187985195	-1.77131847211801
59.5761573765311	37.6319276572249	-1.6840217074617
59.5761497403136	37.632692611231	-1.58990223116903
59.5759979419431	37.6311479400542	-1.49009788552541
59.5755361113573	37.6326182881828	-1.38689694177567
59.5749000025586	37.6316289816995	-1.28887396980112
59.5739860340018	37.6309700886773	-1.18790844211438
59.573936380243	37.6320981463014	-1.08555675080765
59.5744038903403	37.6328176898217	-0.982933583128891
59.573918474476	37.6321675990687	-0.883671226130785
59.5745750605292	37.6317536998578	-0.784561333285078
59.5753331713194	37.632107664715	-0.68201563396265
59.574780215194	37.6321539746014	-0.583289565748355
59.5750004352832	37.6324800723421	-0.481907466441371
59.574038091234	37.6333754329111	-0.381301662098175
59.5744004910625	37.6328448818764	-0.282669529579911
59.5741648751194	37.6328729664426	-0.179063763803873
59.5737373409359	37.6327505305704	-0.0786558521470692
59.5742485470824	37.6338344567456	0.0237241491080068
59.5741674249329	37.634193586139	0.126322108467194
59.5743922526574	37.6342598712998	0.225879328092255
59.5752499333922	37.6342356895622	0.328537023063017
59.5750708133953	37.6344778999487	0.430211856912575
59.5767600831093	37.6339291394934	0.530344424269301
59.5782872858333	37.6320959564895	0.614659507078609
59.5783841997256	37.6319427019684	0.617592725537355
59.5779336688672	37.6324478294288	0.619011100125739
59.5839452377481	37.6363023934993	0.618609480359765
59.5941878109838	37.6436004672603	0.619719378793081
59.6103348768689	37.6538611588431	0.61794784567864
59.6288904599656	37.6673031620655	0.618695409375195
59.6528521026774	37.6838968889212	0.619351326942383
59.680598535663	37.7043435048466	0.622221845221299
59.7128837080007	37.7276794178442	0.621144075760053
59.7497658608413	37.753888389018	0.621162438312811
59.7895821645858	37.7825521627222	0.619742505296788
59.8356355554439	37.8162913586544	0.622601113117474
59.8803651228925	37.8509436009722	0.625834182420197
59.9311401408092	37.889795251237	0.62757134255475
59.9839057660744	37.9280563158566	0.626505922750638
60.0373302891393	37.9662454942137	0.624321060193773
60.0915959703935	38.0031695869202	0.621762706989301
60.1427181972347	38.0405167054601	0.623719867131823
60.1603453977688	38.0514837603455	0.617495880477391
60.1566100054443	38.0505632133164	0.621570331422598
60.1578457434798	38.0514140664482	0.622221283410079
60.1581143193652	38.0512888084203	0.622527724347358
60.1578483156963	38.0510019923487	0.625967714527933
60.1583269687691	38.0511103717946	0.634778680114278
60.1583058526969	38.0516045819024	0.653374444051483
60.1583767316471	38.0518424171836	0.675317609501391
60.1588282522055	38.0523724513878	0.705857014415845
60.1593221418701	38.0523374088941	0.735257782422434
60.159946652792	38.0525396750704	0.765827179658683
60.1601549725796	38.0529342937204	0.796279938341961
60.1602456416167	38.0530252211598	0.801828124808301
60.1618442865776	38.0551609934177	0.80253629196204
60.1668997809664	38.0608923097181	0.80253629196204
60.172002439407	38.066487527359	0.802756649588169
60.1842785148759	38.0798577803462	0.802294303716785
60.2016907094799	38.0970549761946	0.801803854838123
60.2179358207682	38.1141708414873	0.802996246404452
60.2373620691881	38.1344575098309	0.804407113901646
60.277259630382	38.1755438957517	0.803451150244506
60.322796573032	38.2258077835466	0.806581026080643
60.3711318153255	38.275730935623	0.80659588034396
60.4191274892383	38.3254331422815	0.806073689218791
60.466255901852	38.3745779225672	0.806807027102598
60.5135427396534	38.4239606125512	0.807004122918721
60.561798357363	38.473970720103	0.806270768649688
60.6061255261624	38.5224312406409	0.808923229575807
60.6557853557027	38.5753170323624	0.810358537495882
60.707692138178	38.6279111893357	0.80656370002661
60.7570512889935	38.6802151065054	0.808207191884131
60.8079948454148	38.7324104618494	0.808051627806914
60.8585287383512	38.7848657388209	0.806915060722215
60.9088410255817	38.8368715574047	0.808126753223298
60.958785533827	38.8906884582336	0.8069720834824
61.0084328237136	38.9427343210338	0.808737655794569
61.0586555232571	38.9945558920968	0.808136750941214
61.1078110945251	39.0469262463517	0.808856955554151
61.1585382586763	39.099774581683	0.810306401024955
61.2088889470994	39.1526695654901	0.809050532737975
61.2584530050665	39.2048582427563	0.810537213011255
61.3077419534619	39.2566076104424	0.811112036870312
61.3559892614945	39.308393618744	0.811767516638876
61.4042787590992	39.3606659518238	0.813851522960708
61.4545352079618	39.4130273725545	0.812599375575244
61.5054496445533	39.4653240875951	0.81188020279098
61.5547184839666	39.5176910217018	0.811819965797062
61.605998341668	39.5704056535317	0.811225569742512
61.6544037474409	39.6227245918823	0.81048238494771
61.7039307791352	39.6753097323494	0.811782225215651
61.7560172171941	39.7283020844804	0.809733182512043
61.8053656146826	39.7794588985162	0.806844695249549
61.8530493878728	39.8306857313818	0.808966113273362
61.9053071367715	39.8839294256258	0.803942173069186
61.9555112138934	39.9355848572413	0.804588192035747
62.0052565970045	39.9881872291479	0.802402508401244
62.0551327645738	40.0392727530788	0.802415512217626
62.1063308164603	40.0922507527142	0.803795320219717
62.1579238080647	40.1442161897782	0.801753179595719
62.2097262007861	40.1967907721428	0.801004602617669
62.2597483491053	40.2490489307238	0.802017004923852
62.3077808308606	40.3005852122289	0.805869683071614
62.3594639081167	40.3528423799828	0.803760102026424
62.4096322048259	40.4043330288061	0.803111321861957
62.4610627799027	40.4562615756239	0.802543301949898
62.5098812599082	40.5077433926225	0.802612907714395
62.5612131719424	40.5597946985853	0.802367869643812
62.6127086414132	40.6122725100311	0.799999434486643
62.661703466294	40.6639988111337	0.803085990415779
62.7127401508933	40.7162932328715	0.802209827421462
62.7630242074972	40.7679595280447	0.801966174894979
62.8138346258946	40.8204238146696	0.801843403850564
62.8633468018277	40.8726507343113	0.802813172567587
62.9146850691866	40.9254767456276	0.802702414935319
62.9632901136506	40.9776422181407	0.802827647822395
63.0114924849223	41.0293850432502	0.806689221940173
63.0617910808763	41.0815507051731	0.804702555133665
63.1117506567924	41.1332679026403	0.805085657609621
63.1627944779086	41.185414101525	0.80290053821137
63.2122972055257	41.2378470962976	0.802409262063848
63.262670999255	41.2896286729367	0.803055001458606
63.3136333334737	41.3416420156075	0.80119270649454
63.3637667211125	41.3937116094948	0.804677104076544
63.4143676308617	41.4454558296693	0.80375125763077
63.4643146385357	41.4975945135621	0.803015587094926
63.5152517499571	41.5494987445623	0.80227688931583
63.5642668311827	41.602121146139	0.802942341381751
63.6154563888162	41.6543620399957	0.80129962112572
63.6659344069218	41.7057467299743	0.799848807571035
63.7167863911902	41.7578026122324	0.800815691942562
63.7683502999575	41.8096496805005	0.79983801717669
63.8170807438455	41.8618823550232	0.800802569401634
63.8687872033459	41.9137798460318	0.800781114613463
63.917964197933	41.9653257496282	0.800592065165476
63.9669252908659	42.0169418428853	0.801767681380433
64.0178546725213	42.0684182099195	0.799452715126239
64.0664837886368	42.120098636416	0.802067151477
64.118023330366	42.1726043102805	0.801763640615234
64.1671113357257	42.2246872872184	0.802068459993953
64.2174395511937	42.2759900938308	0.802907291069988
64.2667975614793	42.3277917723763	0.803898409673312
64.3173574149182	42.3792738100884	0.804202992381505
64.3672889071624	42.4315183207387	0.802458010504245
64.4182030152026	42.4835459490571	0.801749116408759
64.4692842218793	42.535815755071	0.80069033954873
64.5187894437226	42.5871186077964	0.801699323709434
64.5705348215482	42.6392962290437	0.80063664719099
64.6204389529506	42.6918527779616	0.801612187201995
64.6704502386201	42.7433218445872	0.801593775015839
64.7214494724074	42.7954850658272	0.799504303526889
64.7716713489673	42.8471802608706	0.798813570552122
64.822993629097	42.8990922395423	0.797689513470987
64.8713351927709	42.9503684926614	0.799813591798328
64.9226412738241	43.0024859817083	0.79941003666573
64.9727182627366	43.0550607684966	0.799445191420547
65.0235752062667	43.106386103388	0.799065243124476
65.0751605326867	43.1586661648605	0.797969608959386
65.1243570275618	43.2100746583964	0.798982428938068
65.1761510398319	43.2625344507538	0.797920328235086
65.2260708070732	43.3141379555218	0.797500309564337
65.2772786413916	43.3663992939802	0.798197264992914
65.3289109096956	43.4186291935583	0.797161205096168
65.3787568615275	43.4703574412326	0.79742493917853
65.4300746225264	43.5220036243157	0.796830940155582
65.4799998269582	43.5730120989255	0.797842098434705
65.5309886207653	43.6256022195827	0.798299576086379
65.5795289147608	43.6774960932457	0.802291174594391
65.629565836824	43.7295973966505	0.802691225475923
65.680086484744	43.7818460848038	0.803354836837939
65.7300927200209	43.8338669250524	0.803607485044599
65.7798913147362	43.8862052445859	0.804315978942313
65.8290344547435	43.9382167280022	0.805951169389147
65.8795454173644	43.9901743913769	0.805000136929688
65.9282248967359	44.0418175202857	0.80641722076918
65.9787866627086	44.0937168104428	0.805929889196943
66.0287061107994	44.1453473205319	0.805426333975448
66.0794525586839	44.198003347065	0.80516652813518
66.1296485527789	44.2495228615438	0.804677806933646
66.1788909975293	44.3013791623055	0.805106076793609
66.2311842122712	44.3539252536062	0.803239240896381
66.2798194410176	44.4058387608812	0.804667462758662
66.3306904040685	44.4585094753102	0.804358625872615
66.3804411311785	44.5103457158286	0.803921365444316
66.4315029688287	44.5631631462497	0.803306553383591
66.4818995329818	44.6147329344833	0.803223272138469
66.5320995722867	44.6667656583323	0.803954334821707
66.5838606101088	44.7188817483561	0.801306912944789
66.6340407930791	44.7702931929687	0.802386106939411
66.6848567971171	44.8221423485574	0.801645429231555
66.7347886793615	44.8729835144391	0.801292439775202
66.7843328147032	44.925520885088	0.80200145113033
66.8347887517731	44.9773804556613	0.800722953484243
66.8850011690616	45.0292905023525	0.800846270794555
66.9379921034665	45.0822742722988	0.797936542900119
66.9868347482427	45.1332668622223	0.800218137240671
67.0375333693113	45.1851064643764	0.799925900065489
67.0882581385632	45.2372603785016	0.798466304583926
67.1378392709699	45.2883024625912	0.799182182585692
67.1875181952123	45.3411512820947	0.798924097055764
67.2368488767172	45.392648694551	0.798339746721404
67.2890163640237	45.4452599876073	0.797631325002003
67.3386343607155	45.4966492581605	0.799073013381314
67.3906559130365	45.5483057752537	0.797853956787412
67.439144191337	45.6001157186441	0.80025222427728
67.4917350402426	45.6519143016317	0.797283735688707
67.5432399773776	45.7050444774071	0.794105654726004
67.5901165159518	45.7554175581638	0.79751279840881
67.6420779214186	45.807556038645	0.796785626389177
67.6919683762786	45.8587315282948	0.7975261190153
67.7437237420878	45.9108005921987	0.796325565471157
67.7930083248981	45.9619707862493	0.797432159126217
67.8424758782684	46.013336998244	0.799076804872189
67.892973373826	46.066021611336	0.798268322251373
67.9428812423426	46.1165273906498	0.798976873886068
67.994766229083	46.1688926526189	0.797740212918341
68.0443729785986	46.2196146498727	0.7975284904584
68.0952760903627	46.27129034813	0.796925917087396
68.1453723778737	46.3230157672829	0.796847069979968
68.1957528273649	46.3746649078472	0.79900448813617
68.2477351706895	46.4274861042312	0.797671262869813
68.295630395474	46.4776261430339	0.799744814316369
68.3472470215282	46.530219803533	0.798341544698661
68.3961914832961	46.5800225841857	0.79766761584649
68.4476681663639	46.6317966577883	0.797633095829834
68.4956483662693	46.6833571412824	0.797605317978292
68.5447158893183	46.7337373657789	0.799692148032565
68.5959962000554	46.7854039159104	0.797560979429796
68.6452124043757	46.8359890349385	0.80181168482746
68.6965786686239	46.8881081058282	0.801155092514099
68.7459010657623	46.9399204479363	0.802494689357336
68.7967792067214	46.991694788227	0.803279667218055
68.8460854449155	47.0442327390528	0.804678625227484
68.8957045331111	47.0958433011595	0.806143436014263
68.9476630496061	47.1493957138686	0.80332230285936
68.9979631122694	47.2010842777767	0.804716223854365
69.0502100906539	47.2538027088106	0.801871251652577
69.0984578206102	47.3042239996048	0.803279338914908
69.1523634868752	47.3566007482573	0.800429475643723
69.2009606909721	47.4090786209003	0.800419976150422
69.2525187953087	47.4602050975278	0.798948352156816
69.3047188739038	47.5118063084818	0.798253216726388
69.3530755464339	47.5633828525139	0.799658152495294
69.404498457287	47.6152438716221	0.798943761742338
69.4537233841525	47.6662869620597	0.801107648147609
69.506378577684	47.7187412841208	0.800409142343284
69.5540318484522	47.7692949227469	0.801147885291593
69.60343829288	47.8212808006752	0.80250348068398
69.6543896229797	47.8735599292945	0.801161592746446
69.7019055512106	47.9240279391066	0.802487582577592
69.7537783862461	47.9762488803513	0.801018995262228
69.8015270758965	48.0268882648641	0.802507627247408
69.8535319210026	48.0787434416652	0.801016880834724
69.9034088194869	48.1301800721179	0.800335027349794
69.9542226728281	48.1810609066846	0.801014048285761
70.0046953383748	48.2330808764102	0.798917932213214
70.0553506974966	48.284146300579	0.798890027700164
70.1074110562143	48.3366308827092	0.796741875186395
70.1563142202514	48.3880069832918	0.798180877567264
70.2086495047902	48.4392309497691	0.794583424321551
70.2586908646104	48.4902224074029	0.794701240095408
70.30705430333	48.5404631526577	0.798112036150679
70.3590886742706	48.5928369251555	0.796035899246089
70.4081013959074	48.6438676717748	0.797494953944576
70.4570730598525	48.6955956423313	0.800335447730783
70.5060809915294	48.747466671183	0.80177626113505
70.5575248180056	48.7995526771976	0.800942972736494
70.6100464526287	48.8517384147061	0.799561973423699
70.6609936136588	48.9032905936518	0.799734845213492
70.710186378007	48.9560274628158	0.802006532098201
70.7587446191568	49.0076452334258	0.804601599954156
70.8103620496617	49.0606923904606	0.803085496794415
70.8602507677296	49.1121081055741	0.803290097652464
70.9103795151435	49.1643972773245	0.803846661393146
70.9611961086467	49.2162755851125	0.803936830634727
71.0105586579335	49.2684525300209	0.805996877228149
71.0608256185794	49.321329419023	0.807201781313934
71.1095915568155	49.3725520473426	0.807167038002637
71.1623750067679	49.4259589447928	0.804630829886308
71.2096811926817	49.4772113264902	0.806570006959282
71.2591771367892	49.5296226206386	0.807103943456004
71.3100875159687	49.5819223756092	0.805354760910668
71.3583511303946	49.632653207787	0.806884985758287
71.4067668056189	49.6846296574164	0.809592439123081
71.4562163948332	49.7366389491039	0.811124130251308
71.5081087808161	49.7897547469082	0.809111242264543
71.5569906484111	49.8419479844848	0.808339494202402
71.6083720521422	49.8946857634467	0.806262503335997
71.6569695753562	49.9467410648968	0.805920743296752
71.7075078064235	49.9991466165209	0.803277547971438
71.7569212022157	50.0516116472007	0.803623191139566
71.8055321322663	50.1036154657301	0.804874266735341
71.8573896050858	50.1562537685171	0.803095918435908
71.9059178445586	50.2071443574574	0.803677525834574
71.9565847341933	50.2596371574664	0.805453214437539
72.0061628503969	50.3112717310075	0.806388480659127
72.0554485421927	50.3631705781879	0.808729839720546
72.1066556651601	50.4151230481777	0.805509755016796
72.1552058580618	50.467049900889	0.809314551620637
72.2066235352132	50.5203647960942	0.808151614919275
72.2553959842376	50.5712192196823	0.80765188666458
72.3049615124246	50.6238934662155	0.808366809117979
72.3549161186326	50.6762915999397	0.805055141375448
72.4051900390563	50.7286509107818	0.807104415691522
72.4526411693995	50.780541940372	0.810029151139441
72.5020187539846	50.8324600194426	0.810509933459693
72.5537520611138	50.8858639830934	0.8077080126795
72.6024711151081	50.9378470861643	0.80810645174123
72.6538639336914	50.9904120384348	0.806257249273494
72.7018802040779	51.0437530113786	0.807721567928928
72.7526527289752	51.096000108778	0.80676692060645
72.8030373911211	51.1476843656463	0.805223941013124
72.8509770837197	51.1991150930615	0.806665505915903
72.9026728050227	51.2522292364867	0.805607331460787
72.9520930530831	51.3044196890864	0.805189850727559
73.0021632097084	51.3568378488961	0.80703917190081
73.0508365181966	51.4086445122431	0.808124288159103
73.0983522230709	51.459697838702	0.809597955269879
73.1499773072221	51.5136264391241	0.809244242292493
73.1977678106045	51.5647556415002	0.81105722246983
73.248150750847	51.617313439228	0.81177077525485
73.2962497706515	51.6695398813835	0.813923214541499
73.3468745476576	51.7221626395164	0.813904299672961
73.3965618582843	51.7750399674038	0.813521328050969
73.4453638088201	51.8271576160715	0.815344484473218
73.4962793118985	51.8807741287047	0.814293653967122
73.5457425603117	51.9323293050961	0.814000504942324
73.5958129491612	51.984582764808	0.813906410588647
73.6455624070219	52.0364938368363	0.813751685689821
73.6960502204637	52.0888749847459	0.814172905182799
73.744854427244	52.1412352834316	0.81413266915771
73.794430287569	52.1930573825975	0.814582765042351
73.8456588858202	52.2462385515066	0.813578318047835
73.8939083274111	52.2983728608331	0.814558228187323
73.9449240632239	52.3513934492579	0.814779170588973
73.9924822164878	52.403958023729	0.814797551751222
74.0433741499893	52.4556213657275	0.813849170431152
74.0919779882184	52.5085067924018	0.814311668344592
74.1406461597021	52.5603611475904	0.816707863147621
74.1917506082939	52.6134081126563	0.815022383580426
74.2408629887607	52.6651562065734	0.814777649884759
74.2914505542958	52.717536301364	0.816042970083196
74.3401416056589	52.7705081916504	0.815999201977303
74.3910868511695	52.8237678503534	0.815480477098619
74.4400941832623	52.8763751938731	0.815266261597845
74.490251496721	52.9283141069674	0.814743097185562
74.5398320756073	52.9808829271019	0.814743641060979
74.5889947336796	53.0326036496816	0.814357392229561
74.6388287532704	53.0856153999648	0.814165286519629
74.6869105114613	53.1369847027128	0.813605736010813
74.7369948395458	53.1891960145479	0.81306507893017
74.7847816250325	53.2414549844718	0.812670733630356
74.833724088869	53.2931414299286	0.812668802871864
74.8847656673114	53.345773309965	0.811053190983066
74.9340481707197	53.3978953324475	0.811623137689996
74.9846644310784	53.44986050298	0.811287084267378
75.031550836675	53.502302490333	0.812618430221443
75.0826270978039	53.5550061334911	0.81157452984958
75.1325376971452	53.6078797507277	0.809873743595344
75.181625748662	53.6596825843837	0.81042017899653
75.2315162309947	53.7124373702286	0.810839326844955
75.281429561481	53.7640992233993	0.808827330461879
75.3315066971147	53.8167705513415	0.809259488183892
75.3795070854653	53.868765815845	0.810888781656881
75.4286368009563	53.9204320685409	0.811412936128339
75.4774934507115	53.9735853320494	0.812962804821354
75.5245610488632	54.0257448498827	0.816649008648488
75.5743800468197	54.0792949248995	0.817239517719587
75.6237120424749	54.1328474347858	0.815797992750259
75.6739007083238	54.1854986223818	0.815671949365571
75.7231690075541	54.2382781054734	0.81679706528871
75.7739614156628	54.2902848173477	0.8166743421632
75.8228648741563	54.3433931930772	0.817192581874126
75.8719245198027	54.3955105837882	0.818012418006725
75.9221269076936	54.4494418831676	0.817830735851464
75.9701520215645	54.5011109239631	0.817742579039847
76.0212973775682	54.5547747070891	0.817245740581945
76.069578332062	54.6075557575391	0.817059070752023
76.1198736811296	54.6597194328232	0.81715142494363
76.1686770700836	54.7126583203202	0.818661843419728
76.2180423553335	54.7656073929136	0.820065631821778
76.2681141494718	54.8192385543914	0.820128091335231
76.3163773425863	54.8715710081758	0.819547076405437
76.3671537360195	54.9243670066607	0.819323903140048
76.414095864509	54.9774992244738	0.82071958995023
76.4638383207859	55.0301372177626	0.820886689755265
76.5136080566522	55.0834863204495	0.820133384995956
76.5638705996333	55.1363061734203	0.818642020894775
76.6146204472344	55.1894928324721	0.817908445169559
76.6624916732	55.2420992344951	0.817201949358024
76.7138855179985	55.2953493107572	0.815720462446765
76.7609150468608	55.3486983467752	0.817130656880975
76.8099883250217	55.4005762565035	0.817153037567092
76.8578289969521	55.4535764540855	0.819975920896577
76.9074838304549	55.5062800200001	0.819255076277162
76.9561115561339	55.5593470006743	0.820685960046539
77.0043878496323	55.6121397593534	0.821400362126628
77.0558411825724	55.665440533087	0.820688641043926
77.103847796369	55.7179451950988	0.820650158388903
77.15392711319	55.7716041187158	0.819893292339511
77.2023916651184	55.8234912115197	0.819878781366057
77.2518047035722	55.8759289075136	0.819998347958117
77.3005004829053	55.9286768994803	0.818512294732645
77.3497908102033	55.9804930929676	0.81735631132126
77.3992135604597	56.03448054025	0.819102946287241
77.4486676370011	56.0863720022733	0.819172284129189
77.4998462170472	56.1397364372689	0.817802771269079
77.5484777318897	56.1925053705587	0.818594003683408
77.5979201507814	56.2449383319066	0.818629482585955
77.6478606803391	56.2974875039565	0.819068773520313
77.6968144711919	56.35008585831	0.817722550406351
77.7481765515473	56.4039384040615	0.817117976592289
77.7951521447629	56.4553281476485	0.818319502013883
77.8469725119196	56.508863983091	0.816410269144079
77.8954640585367	56.5613683255037	0.816276429228929
77.9450672800254	56.614320516703	0.816293381774365
77.9965038065465	56.6672562059644	0.815314667543857
78.043022090497	56.7182566396096	0.817167649466098
78.0923664389913	56.7713395473291	0.817876311019305
78.1408036563539	56.8237750244548	0.818924164623288
78.191217679648	56.8767538966645	0.817660681118904
78.2403622849179	56.9297738692802	0.818146773205017
78.290105207728	56.9825536806386	0.81850086117996
78.3398676597236	57.0351570715596	0.817584222593408
78.3890475628409	57.0881346598084	0.818306327929366
78.4395123984715	57.1413300428039	0.818548554993236
78.4882998415367	57.193967820522	0.819257069461698
78.5380648292094	57.246873276108	0.819001290215833
78.5870644170172	57.3001408998459	0.818913094460043
78.6372712326156	57.3534775107838	0.8160781760915
78.6882792868487	57.4065332470121	0.814444528343788
78.7349890124604	57.4580745087285	0.816611064545123
78.7853903407865	57.5112537657714	0.816324150957493
78.8342249037566	57.5632644404887	0.814882993318238
78.8853244217937	57.6161444973758	0.813442295173152
78.9346861426396	57.6686802874229	0.812625921211933
78.9829371380013	57.7211054626923	0.81450403894508
79.0344507818263	57.7742526959818	0.813185232740653
79.083330647792	57.8273480309016	0.81383669738674
79.1338204973142	57.8808004424557	0.813846760742895
79.1835758268656	57.9326971677034	0.813142576743514
79.2333954514863	57.9859236438517	0.815311631465489
79.2829364208907	58.0385461649963	0.815698713076636
79.3324962631383	58.0909514646445	0.816757790641062
79.3824414645211	58.1441300287369	0.815647634006635
79.4321619553029	58.1966824564212	0.814589574938095
79.4832481757252	58.2500162420124	0.813799846090983
79.5323080547569	58.3024387962962	0.812854106059416
79.5828115605329	58.3552101734823	0.812017499355582
79.6318361053256	58.4079537817314	0.811436464832725
79.6814634133703	58.4608198422911	0.811157679829252
79.7312982628406	58.5136284423463	0.81165917021492
79.7799359710477	58.5652873092057	0.812636389174974
79.8296745858794	58.6176294953045	0.813351864239757
79.8785227887769	58.6713207148685	0.812687830914809
79.9289569918786	58.7233962675923	0.81170936990827
79.9774780737107	58.7761899501356	0.812647658396154
80.0267409756671	58.8285966847924	0.813844960201375
80.0772504826912	58.8812156608794	0.813379044912103
80.1265760014072	58.9335381490354	0.813589595826186
80.1766134134013	58.9861590422851	0.814322579374233
80.2263122575625	59.0387069303241	0.811966765108207
80.2774570639259	59.0912149874014	0.811845266716126
80.3261127002991	59.1441657916224	0.813083431575686
80.3776745999664	59.1967172250484	0.810753374555794
80.4281527934895	59.2489799996478	0.809639523266591
80.4781227892039	59.3014939455002	0.809149079157058
80.5294271117876	59.3536613148036	0.808432142600391
80.5786927489425	59.4067379202913	0.805859016248399
80.6301865637218	59.4582660194582	0.805987297713578
80.6787763547705	59.5105285698876	0.807995388124205
80.7295484067478	59.5629944039216	0.807869889768429
80.7791007469395	59.6152238127933	0.808952927555076
80.8299246600903	59.6674281078112	0.805820402010908
80.8793063489416	59.7189148383455	0.808100198508158
80.9300904681598	59.7712230460683	0.805081990516726
80.9809271588218	59.8232934897382	0.805164869163774
81.0303075102283	59.8752552446935	0.804261118969193
81.0819680121498	59.9275284407927	0.802819015469416
81.1323623691765	59.9800949969235	0.804825168442818
81.1808082136878	60.031602335087	0.806386009919723
81.2324401399006	60.0839941856018	0.806386009919723
81.2821927595301	60.1371886762812	0.804371030104314
81.3325029474153	60.1890846795813	0.805698170115866
81.3827072933851	60.2407849231879	0.805695693191386
81.4326842831501	60.2927329522045	0.804956061251072
81.4842349908419	60.3448986050699	0.805709246168093
81.5331579361857	60.396805902622	0.805734878172614
81.5849914778291	60.4489322638388	0.806467169381224
81.6333527052883	60.500897078862	0.807214256509526
81.6831494495206	60.5534816878674	0.807196080384111
81.7308952589329	60.6047746220927	0.807873277524935
81.7831845386969	60.6578652895192	0.805757187414391
81.8330888458962	60.7097977581105	0.805746358614545
81.8825675864122	60.7623105299222	0.806488297215205
81.9331928842215	60.8142284364414	0.806543535788143
81.9811741377199	60.8667921045219	0.808611191647587
82.0319463062283	60.9189637605594	0.808628654224098
82.0821390723429	60.9710415547793	0.807184587539526
82.1324883081747	61.023029272624	0.80650497293441
82.181849590909	61.0745967091875	0.807123721276009
82.2318558971363	61.1262130863744	0.805873891932017
82.284082422574	61.1783101181435	0.805743299999076
82.3329774232626	61.2306801021038	0.806498353373894
82.3829339577041	61.2827178175217	0.806442714117268
82.4330689204111	61.3350076384514	0.805056774811203
82.4825830362642	61.3860577802389	0.804325336543258
82.5320401026072	61.4373652624604	0.803521369548467
82.5834410515902	61.4905726927403	0.802841503302797
82.635132437546	61.5414598239137	0.799812620880789
82.6861450414697	61.5933647537648	0.800871249210547
82.7362117986359	61.6452256445457	0.799850992754729
82.7886291780425	61.6979486794179	0.798706675601863
82.8384016301879	61.7508316556466	0.801323728853712
82.8890050024545	61.8027378594786	0.800847891050894
82.9382233743619	61.8550365342	0.803014091904348
82.9898048945491	61.9075499729106	0.803474505570305
83.0396631469807	61.9594335116997	0.803474505570305
83.0890267045346	62.0114431847394	0.805784738629395
83.1392031346483	62.0637146559802	0.805239435772831
83.1888811742405	62.1161067789348	0.806705076456682
83.2405136151875	62.1690103325247	0.802408966238992
83.290750064462	62.2210276632259	0.804167188340084
83.3415163968959	62.2729230034189	0.804233118389573
83.3888993142356	62.3244697775816	0.801104108689958
83.4390822958983	62.3763203387715	0.803224149459424
83.4884807204373	62.4286212348896	0.804147308680461
83.5377731737948	62.4802927229648	0.804186865464684
83.5881415466728	62.5317076035346	0.803185692323922
83.6374304468301	62.5839023628516	0.804594030517298
83.6875829632579	62.6365370907761	0.803896542900561
83.7379534302929	62.6889359563583	0.802703314376913
83.7890715101208	62.7403587576618	0.800564603426249
83.8391837921139	62.7918365431372	0.800302838081591
83.8900263779937	62.8436923003989	0.800105855287288
83.9157940017922	62.8625488339778	0.789988861478686
83.9127786872972	62.8596693386265	0.791817812708351
83.9124857927833	62.8591942939335	0.793942109236457
83.9129282238051	62.8593461151275	0.794210507833511
83.9129282238051	62.8593461151275	0.794764702951968
83.9130706255942	62.8592060574574	0.800416377285849
83.9133524777621	62.8591249206479	0.812327423368624
83.9137377198397	62.8591408313611	0.830561299809597
83.9151973457542	62.8597783400091	0.853323018483858
83.914527519437	62.8593902372749	0.883885112062509
83.9149105274957	62.8595025138131	0.919376018953874
83.9151287063445	62.8590225295505	0.962106837270242
83.9163108793694	62.8595809213941	1.00940892317011
83.9161269064352	62.8598573748404	1.06459409301338
83.9154232031001	62.8604338926424	1.12766390990635
83.9154910710389	62.8609714846504	1.19416398553426
83.9155699964921	62.8611416788328	1.26723684900374
83.9154971181114	62.8609516243637	1.34784396154501
83.9151699598251	62.8610215192661	1.43495451213624
83.9145289794011	62.8612856415302	1.52801273669578
83.9148760193421	62.8623161765166	1.62582509259283
83.9138833491553	62.8614427799504	1.73236407920409
83.9127700886258	62.8622374400195	1.84239741448577
83.9128022697583	62.8624639190883	1.95334677942888
83.9129382597563	62.8632150576289	2.06807796539843
83.9127086558717	62.862731035271	2.18138038834584
83.9120121870112	62.8620677871768	2.29465164773971
83.9115518418032	62.8628499809684	2.40618638368681
83.912381625233	62.8635013405573	2.5161267146953
83.9124869783068	62.864273458555	2.63010599542614
83.9122325446087	62.8644674007046	2.74327600710216
83.9132259418689	62.8630090106677	2.8568681495881
83.9124913148837	62.8633723500019	2.96837455501655
83.9133657341776	62.8629653403351	3.08047127511971
83.913801296111	62.8628103380732	-3.08677206274282
83.9127961655177	62.8638561943065	-2.97532823546365
83.9135094738732	62.8637384958595	-2.86431471347513
83.9130854828328	62.8639541179253	-2.75441126133368
83.913249386661	62.864536384287	-2.64099145178715
83.9139931800165	62.8653523920448	-2.52700679200398
83.9120011111894	62.8661392843382	-2.41563339652498
83.9144831395828	62.8657639893367	-2.33980732658363
83.9157493208988	62.8653467538778	-2.33899854679569
83.9158792057296	62.8654811843069	-2.33899854679569
83.912986588567	62.8629714254738	-2.3397064809749
83.9076687691146	62.8575975920067	-2.34041530523755
83.8989213766058	62.8477219227086	-2.34092963392291
83.8869880664858	62.8347953268463	-2.34041537925114
83.87090385496	62.8170991089115	-2.33937463316591
83.8548732767246	62.799906445014	-2.34006985796617
83.8382586760584	62.7825229971714	-2.34170299732013
83.8207454950864	62.7652240926528	-2.3418823821058
83.8037133518886	62.7481800103512	-2.3418823821058
83.7868339499013	62.7309278081925	-2.3418823821058
83.7696670574184	62.7127908795185	-2.34313407418444
83.7519184610628	62.6961452409294	-2.34435981908266
83.7347301842732	62.6787890343351	-2.34539863594399
83.7182902540164	62.6613248520441	-2.34610735483736
83.7155298753202	62.6586092568774	-2.3469652924952
83.7172563172119	62.6592360881013	-2.34468764895382
83.7173558888712	62.6592372339072	-2.34468764895382
83.7177372851344	62.659241890191	-2.34341719350459
83.7178307602149	62.6592430313833	-2.34327764528518
83.7176752514141	62.6594781253701	-2.34256899455235
83.7164754531923	62.6600940606448	-2.34386687568341
83.715154335295	62.6605948234067	-2.34458221318818
83.7129526255544	62.6625977437397	-2.34480546552276
83.7110588557357	62.6654015936727	-2.34398786667222
83.7088709536639	62.6680028368258	-2.34196101382165
83.7068647508188	62.6698881177589	-2.33796443691258
83.704456989144	62.6722641613296	-2.32901286621562
83.7024567989967	62.6741445738193	-2.31353645748559
83.7003995942978	62.6764342864059	-2.29105514527668
83.6965762060073	62.678578421531	-2.26398296627428
83.6955766934445	62.6803926470029	-2.22729709967205
83.691372072131	62.6808125311655	-2.18695362707372
83.6843653069623	62.6812858927744	-2.14534518858924
83.6828691863621	62.6817471307007	-2.09334281041787
83.6796248290066	62.6827231235948	-2.03741401039056
83.676809115436	62.6847553420429	-1.96941512533532
83.6749862175826	62.6858330706127	-1.89625786102078
83.6720339519046	62.6875002281962	-1.81810520155716
83.6685970014283	62.6879367716295	-1.7347886141959
83.6651378883805	62.6877663458373	-1.64562969790361
83.6624228920789	62.6879031068714	-1.54877159147747
83.6603726536233	62.687155620014	-1.44693355163711
83.6573295547845	62.6867434970556	-1.33607035014347
83.6553883947537	62.6861968393927	-1.21968083973694
83.6526905867179	62.6836832407539	-1.10275660303372
83.6496631391891	62.6828873169318	-0.985000763137639
83.6468425986516	62.6828218732552	-0.867549996934562
83.6498272205081	62.682369745801	-0.868259142569977
83.6495825244668	62.6821625776006	-0.868259142569977
83.6498113506081	62.6823563097903	-0.868259142569977
83.6488533589329	62.6819845704318	-0.867510218747191
83.6483106264266	62.6815525194016	-0.866842715074107
83.6466104385312	62.680048972517	-0.866940633647369
83.6403514768308	62.6730187412163	-0.870984956328061
83.6277433365366	62.6653396234514	-0.868282248054319
83.611713743888	62.6494084674714	-0.870349799413128
83.5899725550151	62.6308741101721	-0.870493953088982
83.5641890902823	62.6088052848875	-0.873093423811144
83.5379052660893	62.5860746984704	-0.871848066063188
83.5107293462058	62.5629237370687	-0.871211166354135
83.4833038228465	62.53941921021	-0.87192148084258
83.4536524444217	62.5140809388604	-0.873184239300963
83.4242868767541	62.4898398002807	-0.871922266820395
83.3944815950199	62.4640182516279	-0.873914507729987
83.3635318224724	62.4384383449793	-0.874866618755742
83.3355986897867	62.4113101951376	-0.87914498877672
83.3074360364176	62.3860450508844	-0.880874288293124
83.2752937655236	62.3627086427016	-0.881222709244402
83.2457366202249	62.3385554007777	-0.879189090568326
83.2145460163594	62.3128708793445	-0.880791334980672
83.1844412111082	62.2875723296506	-0.880516279515641
83.1550481177443	62.2632007324531	-0.881410367648985
83.1247614744963	62.237885809182	-0.882668488753448
83.0941146363124	62.2123913713927	-0.884604414478599
83.0647564390894	62.1895269236905	-0.882743083345974
83.0341458405705	62.1649977622094	-0.881627756488723
83.0042755079245	62.1405575411845	-0.882529282176811
82.97588884432	62.1137528780318	-0.880788655099015
82.9459242012226	62.0882607643555	-0.881893690560697
82.9161946353496	62.0626439047989	-0.880538984687344
82.8876174994888	62.0366447980354	-0.877521085433526
82.857827026374	62.0158470892139	-0.873219928159453
82.8279014897712	61.9897493845793	-0.875839124528154
82.7977031079964	61.9657162550854	-0.874264379863132
82.76808441445	61.9403944724761	-0.874314639993003
82.7384068446513	61.9176601321527	-0.869702690606666
82.7086966673439	61.8934787397563	-0.867755500899864
82.6784259855318	61.8676970736175	-0.868738110374657
82.6485437120804	61.8425885826663	-0.867684448288428
82.6180945370977	61.8165865206632	-0.870063046830578
82.5884111941968	61.7905382962097	-0.873078202935143
82.5590031656834	61.766698263435	-0.869348901983616
82.5300817109917	61.7412202268156	-0.867314785335641
82.5001053801581	61.7161237986033	-0.864589037330922
82.4708139973763	61.6902581279545	-0.864004172420467
82.4420308174825	61.6665062107833	-0.861589520079162
82.4124139475486	61.6407980611177	-0.859605296252143
82.3834264621513	61.6145629597404	-0.860198914213321
82.3538618898667	61.5889048853977	-0.86231048977795
82.3241838078401	61.5626788907455	-0.861420648872173
82.2949471136098	61.5376947669096	-0.860651828634195
82.2657690466122	61.5122924060426	-0.862145698549025
82.2362780865777	61.4868523015173	-0.861427129158943
82.2068991055471	61.4631789119839	-0.859606827852541
82.1763410620237	61.4386240151418	-0.857976111447192
82.1459383017162	61.4129324817939	-0.858897216760916
82.1165357490909	61.3885643185272	-0.859256748122162
82.0863584076063	61.3642874275857	-0.857127387014
82.0550601104542	61.3382305017755	-0.856906289082378
82.0239371944891	61.3119797768906	-0.856225213227197
81.9925810963609	61.2838985054009	-0.856928607121171
81.9603675341735	61.2549817483203	-0.858046012294693
81.9281376514222	61.2273922452488	-0.857447799415213
81.8964810493244	61.1990256694389	-0.857860568270949
81.8654078473893	61.172625134893	-0.855638571510067
81.8342087489645	61.1451016713696	-0.85535068675618
81.8031895389862	61.116786928548	-0.854516758426304
81.7709330800317	61.088059847071	-0.8572991263644
81.7390451911094	61.0587128321819	-0.858647183912872
81.7072838790919	61.0325855610635	-0.857108052763007
81.6753223206346	61.0045155406623	-0.857738282973192
81.6433560709147	60.9795849951568	-0.854088849771531
81.6113639110418	60.951154633337	-0.857826851155452
81.5798371773793	60.9222184827477	-0.857525497894237
81.547799792047	60.8964276863893	-0.855157196485986
81.5160628672605	60.8695428777509	-0.855377902902573
81.485034780717	60.8427882746016	-0.855153373818137
81.4534136225732	60.8146629972715	-0.854714340776712
81.4213735588175	60.7874988227554	-0.853487106780712
81.3895351832736	60.7612289757745	-0.852527639151749
81.3581467655698	60.7337531068514	-0.850374172428186
81.3267720279364	60.7053070537471	-0.850385394120022
81.2951533219056	60.6773004367793	-0.850593599838045
81.2635771517538	60.6485116052478	-0.84939640657356
81.2321196626494	60.6205420853464	-0.848932674492799
81.2004575429905	60.5921104095374	-0.850373447055382
81.1685011989076	60.5645138147476	-0.849223172471278
81.1366250600462	60.5366725201597	-0.850812062507268
81.1046378706621	60.5094634255017	-0.84988510679327
81.0734703809568	60.4822669095629	-0.849323082008413
81.0425166450779	60.4554417576948	-0.84602231263271
81.0106733515961	60.4287693964598	-0.845588431660501
80.9783285098028	60.4001146628681	-0.846022458413624
80.9464739437869	60.3719904545997	-0.84560000010088
80.9145478883744	60.3441484585534	-0.84646316729537
80.8821336988403	60.3161075367233	-0.847748696271341
80.8510546698931	60.2878941480895	-0.849042789982708
80.8199547817811	60.2596725402652	-0.847339083810502
80.788848126449	60.2327608660818	-0.846906614920875
80.7565086590732	60.2062324539809	-0.845170227852044
80.7252074290886	60.1784510446314	-0.842478820632064
80.6938494585411	60.1488297470194	-0.842787165877035
80.6626420574317	60.1211752193887	-0.844196887651026
80.6305699837807	60.0926897576509	-0.845939266486561
80.5983639544412	60.0644091561118	-0.847883380590455
80.5674677318569	60.037658980179	-0.847048999461191
80.5363999038782	60.0101611223119	-0.846826562557093
80.5048792190232	59.9823157494769	-0.849181700246123
80.4727261339489	59.9538938306904	-0.850288344477366
80.4409994075943	59.9243994110862	-0.85276314355886
80.4085389521383	59.8980115617152	-0.850748851648558
80.3758451211507	59.8702622569032	-0.849948677609618
80.3442374974159	59.8427929892613	-0.849817756391049
80.3131446054698	59.8139115769098	-0.851683117648425
80.2811847076707	59.7865727985011	-0.851683117648425
80.2492959075558	59.7595892624967	-0.850190671799677
80.2174967931362	59.731636641937	-0.849864345652038
80.1854011795417	59.7036746111403	-0.849850512777642
80.1534650677871	59.6749285343797	-0.85058780752545
80.1218329658731	59.6467273976994	-0.850552491791616
80.0903602785914	59.6184537529978	-0.851295846493254
80.0589044182039	59.5902117729099	-0.85167276056672
80.0273209193782	59.5638475514676	-0.848050847391016
79.9959450654327	59.5352911851257	-0.849897732059499
79.9635410416144	59.5064171414908	-0.84878566336986
79.9322435048762	59.4791362061219	-0.849752595516295
79.9004719497253	59.4522327801909	-0.847736713172002
79.869107587483	59.4244855338765	-0.847009252667153
79.8375149201278	59.3957586773396	-0.849870901743038
79.8054935841226	59.3685853489847	-0.849047477903497
79.773924315436	59.3420597804734	-0.848488294415921
79.7421180011195	59.3150462324286	-0.845018892585758
79.7118190713984	59.2879319436141	-0.847455568636146
79.6802427203715	59.2578870426723	-0.85090521368771
79.6488268463221	59.2292745813924	-0.850308964047779
79.6171632487987	59.2027371657554	-0.849773793064823
79.5855138593535	59.1760087062723	-0.847066495270726
79.5542586587675	59.1477764515783	-0.846445197799763
79.5233330644245	59.1190497823976	-0.847051692143744
79.4922981587839	59.0919414000497	-0.84587239872963
79.4609423610024	59.0636891828125	-0.846114792933184
79.4296210231101	59.0353835856447	-0.847031309306041
79.3973498348835	59.0061531572761	-0.849693529337954
79.3649166145656	58.9782386218498	-0.850368333668904
79.3337007334093	58.9505591075802	-0.851141444444037
79.3022861494415	58.9221360797965	-0.853477172312148
79.270546437051	58.8950653445576	-0.851579537550583
79.2384875375505	58.8673243295976	-0.852522745562309
79.2060554019696	58.8374953547832	-0.854435229669422
79.174843439122	58.8096432514666	-0.855361271011416
79.1428079008071	58.7820902165799	-0.856407627996936
79.111056297334	58.7549411703778	-0.85568757916872
79.0790408958568	58.7264371898358	-0.857626758378126
79.0468984203376	58.6984994434519	-0.855308585183712
79.0149481325881	58.6715011952211	-0.854380390939655
78.9841669327507	58.6438558883113	-0.852960522072916
78.9519657600349	58.6163149436402	-0.853037774488161
78.9198795532697	58.5874326959692	-0.855484560977432
78.8877862056945	58.5598977795589	-0.85389442769923
78.8566233823239	58.5321554133025	-0.855138088298842
78.8251423425412	58.5065185553045	-0.852280440078737
78.7935359507951	58.4800362526908	-0.852125240492653
78.7615758572888	58.4523673199378	-0.851025634514904
78.7306810218438	58.4248221258569	-0.849784881611994
78.6998382078175	58.3970316869796	-0.851757862898259
78.66766634826	58.3710151566881	-0.848667688647399
78.6355918343998	58.3434703553405	-0.850302753829298
78.6030696328886	58.3149675770964	-0.850816272792501
78.5716814925146	58.2886841788274	-0.849584456642611
78.5393419788035	58.2599138388136	-0.851852700292275
78.5082967775362	58.2327240679399	-0.850845947262633
78.476416114661	58.2043668416017	-0.851851313318804
78.4437874382478	58.1773714913114	-0.851695365467657
78.4121391135669	58.1502925662746	-0.852134928689252
78.3803796133616	58.1224422112677	-0.853576793002495
78.3494650053912	58.0948392870842	-0.850942813499509
78.3171326003098	58.0662020580894	-0.852359806651977
78.2856057744325	58.0388361640567	-0.84999628548606
78.2535158517544	58.0113229562756	-0.847825377805376
78.2220725712231	57.9827396163169	-0.849315412053093
78.1903885753564	57.9544593245596	-0.849442454944293
78.1593877396305	57.926681578165	-0.850158225774008
78.1268051320924	57.8979770682924	-0.848962055407982
78.095270922454	57.870622324048	-0.848268476118761
78.0635525480069	57.8419569004359	-0.850164713446844
78.0321335585249	57.8138630314513	-0.852149186651432
78.0002505783088	57.7864260104326	-0.852943745610223
77.9689346723326	57.7596401211418	-0.849679408618308
77.9376878884922	57.7303007458183	-0.85248224260166
77.9055115596837	57.7013321194673	-0.854426996474579
77.8736719708428	57.6740116003637	-0.85630511333285
77.8424521210046	57.6469337848241	-0.855240537855075
77.8112575859488	57.6202682885944	-0.853249265001575
77.7792491694729	57.5906586026153	-0.855143533256564
77.7482512320765	57.5641187543094	-0.853071720952045
77.7164059030607	57.5370337433121	-0.853178586487623
77.6845405409109	57.5100787856203	-0.850254471006064
77.6531797221527	57.4834339058091	-0.849128032171469
77.6219357908074	57.4556144520491	-0.851615177165888
77.5899102911432	57.4288454126444	-0.84967598753816
77.5572636793737	57.3989616381805	-0.855930182997616
77.5257315743913	57.372444937767	-0.852504733973092
77.493045248968	57.3452467120397	-0.85316900153907
77.4623487059043	57.3158045776467	-0.854494230182761
77.4299489992276	57.2871609419798	-0.855307725948323
77.3978035013879	57.2583543750133	-0.856668848074981
77.3650604446179	57.232112751638	-0.85384319716235
77.3335261479844	57.2051204053786	-0.853849373239191
77.3021637579241	57.1765777057985	-0.854481902298838
77.2703384595374	57.1489129649444	-0.85445567353216
77.2387380704481	57.1196106961305	-0.856586120414027
77.2078648334518	57.091877128495	-0.850897082687643
77.1754716241102	57.0639597958187	-0.8529912497071
77.1434684162209	57.0355457921947	-0.850899425680734
77.1110428040192	57.008048603471	-0.851577895509156
77.0792231385641	56.980597352323	-0.850181979548849
77.047815661786	56.9525746742874	-0.849473172186382
77.0159496101809	56.9246028233488	-0.850067902757116
76.9848549321961	56.8971625899315	-0.849473451267514
76.953446039143	56.869511653163	-0.848765170163311
76.9220349741718	56.8410149395094	-0.849473446860003
76.8907309277735	56.8143928438541	-0.847325092710558
76.8598472071502	56.7862033562295	-0.850192104562886
76.8295482616175	56.7573237626662	-0.849691781514819
76.7973189915839	56.729181230139	-0.852997667448091
76.7652014243622	56.7020049994177	-0.851752419546572
76.733310348077	56.6754819623292	-0.850771042374762
76.7018378236376	56.6469709046575	-0.851990068667198
76.6708472981124	56.6206713384607	-0.847219576874021
76.6392502069547	56.5932493683092	-0.847859678837722
76.6071380442762	56.5642796040992	-0.848561615697503
76.5756829792517	56.5357498264285	-0.850056716499329
76.543940522831	56.5075243699279	-0.849731908571391
76.5129692394256	56.4807802194104	-0.847404274905001
76.4811050777955	56.4528806794599	-0.849597651890798
76.4497186372962	56.4249172181318	-0.848500461016088
76.4169318333614	56.3968042995465	-0.849781173619934
76.3849307412008	56.3698856476077	-0.847512392394827
76.3533675443433	56.343526015246	-0.846210962697755
76.321776963049	56.3139624966211	-0.849542613119954
76.2901474978117	56.2851607666186	-0.850386009503704
76.2575940111085	56.2560728238764	-0.851375671081328
76.2255301073304	56.2290392543866	-0.84984384163128
76.1946926400609	56.2014059779726	-0.849924068043562
76.1626739347452	56.1720037168885	-0.851849989721697
76.1307558404137	56.1447398787588	-0.851346152262556
76.0991327792974	56.1173886589637	-0.854016486618854
76.0694418393958	56.0898783206794	-0.850082999413669
76.0373835340949	56.0611057151599	-0.85189415502662
76.004940538522	56.0333744079726	-0.852111763382592
75.9733403561523	56.0056377382727	-0.851494260922002
75.9421821155116	55.9779535284223	-0.850345133385181
75.910971893416	55.9505842070123	-0.848071280381
75.879854236668	55.9227878903499	-0.849282671451079
75.848290780351	55.8955264882393	-0.850661965190122
75.8162783184349	55.8668857677401	-0.852893055937623
75.7843785233689	55.838552501237	-0.854992937701262
75.7514342329631	55.8130562794453	-0.851460324532004
75.7193175081579	55.7851120320774	-0.854801869288785
75.6888211573004	55.7557099326116	-0.854062904179764
75.6573008068207	55.7275324947523	-0.856928122997582
75.6249530623661	55.699975780109	-0.857145389548037
75.5920647243108	55.6731426707535	-0.856699625657425
75.5604856844021	55.6458187705993	-0.858847613729473
75.5286422476527	55.6175963356041	-0.859580735257205
75.496457406028	55.5903365249876	-0.859544991759859
75.4654868610043	55.5622202531894	-0.856991722275801
75.4335090019912	55.535018925926	-0.857145064625957
75.4010000211258	55.5065897516516	-0.858595782883435
75.3678584060203	55.4802271700989	-0.856845626889229
75.3357331904309	55.4519449549146	-0.857803241966898
75.3050144337505	55.4246395947448	-0.856097676271187
75.2736899668244	55.3981160067533	-0.854995994243425
75.2414653517409	55.3689340693426	-0.856434677574314
75.2089804246227	55.3413063504902	-0.855732271422278
75.177804946672	55.3137859128375	-0.856756989217189
75.1468746584194	55.2863511253654	-0.855598309219091
75.1159361237336	55.2596583250691	-0.856223293141808
75.0841070496326	55.2327096155886	-0.854553135583187
75.0529842128626	55.2044340281145	-0.854630797849958
75.0209167815719	55.1761189721739	-0.855763034098547
74.9884169420521	55.1498105103405	-0.855228977453173
74.9563473889318	55.1230319665175	-0.85535676421507
74.9241894084071	55.0940092711085	-0.85694438734648
74.8925509099405	55.0662151890244	-0.855913258846954
74.8612073447863	55.0384854019468	-0.856226519189394
74.8291057754706	55.0107080514329	-0.85653746617593
74.7972103730114	54.9821204989996	-0.859966921562006
74.7652450158003	54.954178049038	-0.859107826205449
74.7325103752042	54.9270436963851	-0.857881358740142
74.7010885612299	54.898725919569	-0.857612157611606
74.6697804576885	54.8708294954206	-0.858065894392702
74.6376951939186	54.8421653642575	-0.859471652910862
74.6042537370944	54.8144391149463	-0.857350268535995
74.5718267361851	54.7848686853675	-0.859462379118403
74.5391114154247	54.7564453338081	-0.858026126731295
74.5059328444695	54.7278004968537	-0.857946354189047
74.4726978057368	54.6983858508978	-0.85763605952106
74.4393998890297	54.6705023368519	-0.857558547968548
74.4063911166532	54.6401145772817	-0.859572750579915
74.3720566499335	54.6115440746773	-0.8603584983853
74.3390947337761	54.5813399674168	-0.858166901610871
74.3047084039076	54.5532652738693	-0.857651314774721
74.27129846468	54.5246452034972	-0.85505639110193
74.2376931800241	54.4953911064382	-0.856916511610834
74.2034021032582	54.4660218518527	-0.857528372424906
74.1694966481437	54.4375567896437	-0.856691695138936
74.1361755145256	54.4094472489978	-0.856616534222717
74.1025872918392	54.3809178715122	-0.855907945995758
74.0690095823619	54.3510310883222	-0.858060338509661
74.035224491829	54.321700881861	-0.856802528846457
74.0026100805808	54.2946709327357	-0.855398402834705
73.9696668817006	54.2657525764653	-0.852946878984002
73.9362729978288	54.2368125559909	-0.854560066479064
73.9033832816431	54.2075366035177	-0.852676874955605
73.8700778489622	54.1785480056594	-0.854782356838303
73.8360414713593	54.1495807630657	-0.853690643718588
73.8028388078781	54.1210234143495	-0.855107223486179
73.7688562950221	54.0913427713273	-0.854115092127503
73.7354197124235	54.0623295292582	-0.85439943023273
73.701900468279	54.0337438600094	-0.853666408764643
73.6679575234549	54.0053897039592	-0.855107049546841
73.6349546573487	53.9772517303998	-0.850308099609032
73.6016581588864	53.9474527446156	-0.853858449930859
73.5679654720579	53.9178289947886	-0.852221475349894
73.5340851364871	53.8877158864791	-0.853803254126571
73.5004991152249	53.858090988571	-0.855022089014793
73.4678835370981	53.8295871266642	-0.85456719279244
73.4353151887706	53.8003942240617	-0.855763911565208
73.4020106113528	53.7727517707028	-0.855127530806098
73.3691653244703	53.7437962885682	-0.855088053839917
73.3349211836509	53.715735747798	-0.853800067734627
73.3026319580638	53.6862164169153	-0.854307670451155
73.2686034374809	53.658817755542	-0.853125082684554
73.2345973459071	53.6296290880712	-0.854964474092487
73.2011223171959	53.6013114179442	-0.853208234310469
73.1678513800856	53.5737095912856	-0.852967394782593
73.1341978260229	53.5439309328332	-0.853079895549928
73.1007735665121	53.5139263888083	-0.856530115035134
73.0979299900757	53.5110172117994	-0.85300123037363
73.0979550276917	53.511015372814	-0.85300123037363
73.0977051544745	53.5107912816638	-0.852296269535545
73.0979519270681	53.5110190097819	-0.851567634042436
73.0977031851632	53.510794011135	-0.848653694016282
73.097927174385	53.5105418458823	-0.839319870726552
73.0978765364527	53.5105966122952	-0.824139126851548
73.0972785413035	53.5117095265448	-0.80316239621397
73.0970046052103	53.5114919400088	-0.773630235866887
73.0974807027179	53.5115000615771	-0.740840940545321
73.0969683095353	53.5114799338972	-0.699346587261061
73.0979821021613	53.5105615777967	-0.66116847639206
73.0967066950895	53.510407437691	-0.621791944277917
73.0974654330307	53.5094372141407	-0.585205844576753
73.0956222264716	53.5125864295683	-0.554560532572726
73.0954168402907	53.5122564246187	-0.528022562518175
73.0956478759586	53.5122903796951	-0.508947562413736
73.0961828798779	53.5119455982778	-0.495439380355943
73.0953577566721	53.5123191236343	-0.480409707586297
73.0954057608272	53.5122949041097	-0.466121913726315
73.0959829501245	53.5120697015668	-0.45250202944992
73.0964781852542	53.5124617974634	-0.439019294304753
73.0962643740686	53.5118877250051	-0.425060074733256
73.0959131557434	53.5116083504474	-0.411088779632421
73.0963021547097	53.5111416452377	-0.397334443430898
73.0954496983474	53.5119332706937	-0.384608695850035
