0.00113355	-0.0021718	2.85e-05
0.141329077612629	-0.0485526243135047	0.0185920084694092
-0.219281362155183	-0.111554625355996	0.0678314295235591
0.914292735334432	-0.136229488212896	-0.0709682646941773
0.996954375817424	0.202760953321844	-0.0435073217286492
0.948369845981697	-0.186637629210203	-0.231411252835955
1.74942584868431	-0.659781886983885	-0.225714893141909
1.92075218750818	0.0532457575304779	-0.0776798413485902
2.7819581216072	-0.267822844973194	-0.0306272059492366
2.61763578645232	0.0210865228126378	-0.099511264072987
3.1706913857616	-0.561046577539382	-0.103911576241586
4.2374186979817	-0.623603078354809	-0.00226748733165014
4.3884366096861	-0.843455561559341	-0.109584516389461
4.9007042891048	-0.159196929090418	-0.0627856889285247
5.33297899090696	-0.406179982055968	-0.143435347941749
5.29952510773602	-0.548519881166157	-0.198634327462316
6.09774689849978	-0.401148145481153	-0.131085868251988
6.42225078344988	-0.544484213447454	-0.0655319980434593
7.11699083858795	-0.741431109203136	-0.0785164932240624
7.59410271284652	-1.12915142330017	-0.15152126810063
7.35857007444335	-1.2548072688044	-0.25201678989115
8.18463235923394	-0.459121334939646	-0.221588580424481
9.05429008641795	-0.891957882162019	-0.181593610836085
9.28056333805893	-0.68667097602961	-0.191384143175994
8.95867344351756	-1.69430750644557	-0.122893932792934
10.7165158876661	-1.44406929921388	-0.152038280192035
9.9187815472981	-0.921680136412815	-0.126307433369734
9.78747560814639	-1.32426479281792	-0.153713776747635
10.2842745126701	-0.684526112581798	-0.607619862154874
10.4569954496194	-1.98332806635045	-1.30170147376313
10.8129420752881	-1.71426239214719	-1.86959656855889
10.068612751806	-1.72151147562005	-2.51254459597819
10.4117080662418	-1.81886968597505	-3.06912136982733
10.479246274795	-2.06595431986245	2.76874686207301
10.3341566492991	-1.33339265772276	2.52108769471046
9.15901753576136	-1.23394003723633	2.79146625027533
9.72255232304086	-1.24942377218504	2.84436529599116
8.72233170032367	-0.348130687842377	2.98502687982513
8.64414092884095	-1.42644111820974	3.16309205150388
8.30284865014017	-1.48492137114948	-2.97860104244736
7.88917238311872	-0.750937005348362	-2.9320019089453
7.24110148901584	-1.24831729267923	3.05777525695715
7.0824035401376	-0.923160310176555	3.04584568330374
6.77845034821037	-1.37188874675467	2.973248992124
5.93338845399164	-0.884011677534455	3.10581231077678
6.00806500511355	-0.682658818658928	2.94090910369612
5.11759437297601	-1.32268548019616	3.09248369539037
4.54209337237492	-1.04750739378872	2.926214741841
4.08513183501415	-0.068278375353221	2.98052630741137
3.8660070055732	-0.677751640570499	2.87418664074008
3.04795342557008	-0.250446806122318	2.8989500432853
3.06439899278984	-0.542941551597799	2.9861729020379
2.16769285569525	-0.650276194319935	3.00989399058131
2.33456985480453	-0.477003854909266	2.9827199266784
1.92364812767657	-0.372749110249534	3.05850585251958
1.43630185778715	0.0504629330747866	3.00823040493873
0.791514218531918	0.47396177208346	3.05793439215643
0.191105799767506	-0.0888966065859073	3.13492494072251
0.68650601074591	-0.340988218611313	3.10386850357827
-0.904129357184066	-0.219167596175378	3.12504694470928
-0.924867167424573	-0.116484131789616	3.14794044793171
-1.09483210911947	0.0784643449031496	3.05913153252811
-1.69140569121483	0.312815695770935	2.98479401741955
-2.4515952416304	0.0336890883180279	3.07415062083913
-2.27459044925882	-0.00797283428004095	3.00904895215419
-3.22236995395831	0.190256688571022	-3.06549073711109
-3.05966045070696	0.130706099179853	-3.18265069321915
-3.74221016402123	0.12576690110631	3.10509705590237
-4.67110663590692	0.410128454071323	3.11441743473454
-5.07937234838907	0.534029701066824	3.09192672697876
-5.21386429782763	-0.187138125697091	3.13982492583288
-5.29143660765697	0.224638480098908	3.04196556730772
-6.3291325312841	0.107536461034615	3.04764880813968
-6.85749340844135	-0.0819957042571267	2.96540525326036
-7.0474357382457	-0.0762526471947986	2.99677482310698
-7.79131062648745	-0.2420109190876	3.02485709765631
-7.45583827935057	0.488996675638012	2.97219315812293
-7.8466972930765	0.414347834267405	2.90024629169997
-8.16550232673012	0.591325018995598	3.11337055128121
-9.00838268694511	0.016465477238846	3.1508860014712
-9.69358286140358	0.659317258137717	3.07568614501105
-9.99229009940064	0.276872843268567	2.97995593410948
-10.8647212211121	0.225756445742112	3.08999017490462
-10.6596412863295	0.0482063379698821	3.04741872342305
-11.363839389737	0.333295723727241	3.11031044014644
-11.6854566242976	0.731596663527322	3.12337805887589
-11.6721917826837	0.236559634243394	3.13587234854166
-12.7955872537713	0.998450034003152	3.03446636501666
-12.6083909770039	0.633496587756881	3.10976359920152
-12.5383049032274	0.808702096441702	3.20452403218173
-13.3405090165488	0.989425740508712	3.16717180111005
-13.2783903089226	0.568445768887235	3.12550731116664
-13.020904963752	1.12001112700808	3.08850435320265
-12.8691168379302	0.466875623671546	3.18800355331701
-12.9916111363799	0.919581176775705	-3.25310214696245
-13.737256379079	0.787028384674891	-3.15655976837007
-14.9258459266919	0.712189343211769	3.03188100762277
-14.5005266585707	0.472738821601445	2.98228266862801
-15.1896123018704	1.01243403736761	3.10662695596634
-16.1021023311266	0.737194190971811	3.07841547318055
-16.4044132189624	1.39593775991684	3.06968728869426
-16.4450162966619	0.927008516109005	3.01641619186885
-16.9960894115739	0.576898827278886	2.95115727086468
-17.4567777303651	1.54752793010262	3.06029609167363
-17.6373061901015	1.84656638729662	3.04207652365511
-18.2893991583047	1.22388187462163	3.01524863910837
-18.2825300493578	0.720670892755538	2.97892484111763
-19.2920920728136	0.924500133154232	2.97561712276499
-19.4308249193097	1.01679312486288	2.95700180261992
-20.3980084514654	1.80399713483175	2.97726850463704
-20.1041860694518	1.97613496484219	2.91579362913601
-20.6965543524551	1.77836109124293	2.94389584560273
-20.8590803068482	1.47768808884441	3.07270003234116
-21.6003420201648	1.85762125962018	3.09760028050168
-22.3585548027468	1.9552072073773	-3.13436263343159
-22.52839613565	1.84916721828936	-3.12684628524048
-23.1377559852455	1.823250028318	3.16169745039678
-22.6368277528464	1.68290285090642	2.99311714675564
-23.0111037636592	1.74130742558997	2.65390247275583
-23.1116136796604	1.71509996607795	2.40641640831649
-23.1149297787051	1.96996139204241	1.89504328707088
-23.1962816297124	1.40953968993853	1.40970179188927
-23.3974031815542	2.39297009831421	0.935659858268138
-23.8095409056785	2.07540852034249	0.255826229721801
-23.2205002336423	1.69177910537474	-0.154342115689536
-22.6617482986045	1.85638052516791	-0.264675868062596
-22.6214529706426	2.07116811046532	-0.244915082566573
-22.2395447081958	1.52674424751722	-0.118285036319498
-21.8048840701329	0.861806847599011	-0.145987556241027
-21.3860472124773	1.57962341365041	-0.124052419031376
-20.7223152128438	1.28832563979005	-0.101979381426202
-20.29664809649	1.28324190114645	-0.186273264409293
-19.7905414731876	1.70361940856931	-0.0499446030322334
-19.4269814773465	1.37986699841766	-0.117658868757685
-18.8008909438774	0.847497257255349	-0.0727834902005366
-18.2914019250895	1.86481228988289	-0.038754308888852
-17.8619367836058	1.61586017756456	-0.0220831676204777
-17.7516551256143	0.448783716208321	-0.22166054262386
-17.3426802171925	0.800479930122326	-0.163232781567563
-16.7113458205907	1.25185537646102	-0.205263103420188
-16.1734465886885	0.510636311871486	-0.227758602237152
-16.2456970895326	0.651555963835339	-0.204819045800186
-15.6144978317537	0.755753153266495	-0.0923421323403892
-15.2564617243986	0.711594275879519	-0.0946914548613479
-14.8361735451442	0.636356478750953	-0.0274229878005148
-14.1062034869658	1.13808167425418	-0.000194055664574394
-14.3008509224031	0.796373801131238	0.00381814119800812
-13.3277938767438	0.66498194747156	-0.131172659152469
-13.1856300649524	0.902245218761331	-0.22485390728395
-12.297790183781	0.927509238302427	-0.227856780337494
-12.3907452199601	0.258193449689247	0.0340509122093367
-11.9516357310921	0.570405878148706	0.231388641152094
-11.3617368788437	1.04676150515722	0.452117989020619
-11.4946946316404	1.34858988177568	0.635770337869373
-10.2389776087608	1.15645950163118	0.925017598278063
-10.3724681274063	1.27774038873036	1.387561039015
-10.3298916967736	1.57316766246285	1.4994021545896
-10.6061419630094	2.01831699032373	1.59804244987684
-10.6809527484276	3.2536289603225	1.26956630038827
-10.4779106683438	3.41208946999578	1.53433264635233
-10.9278601725861	3.58719370702136	1.5323643100722
-10.9032344275093	4.35753822479973	1.57460568772229
-10.2937866806269	4.90235617528137	1.39863933959553
-10.0601656694811	4.53954019941062	1.47594403774382
-10.0975324267603	5.21667364157745	1.9423355800287
-10.2444305728716	5.34930719552052	2.36978388215913
-10.6531589267311	5.6526587252052	2.96605768163078
-11.4540477842801	5.39232613410807	-2.80871603555628
-11.1253750982734	5.78190552107127	-2.5501250592904
-11.5231435675703	5.27795017570584	-2.22174401816999
-11.7245035414183	5.46579988651158	-2.15038816029904
-11.5272511221864	4.82154482768264	-1.85884108229103
-11.7574500608581	4.49625616927296	-1.62552721392845
-11.8624824523882	4.1784892374954	-1.73452234277544
-12.2850134146826	4.07102338534857	-1.84270107221845
-12.2428851731086	4.08919421991147	-2.13357156674887
-12.15706651285	3.82376119388001	-2.89569141500432
-12.5004802558004	3.73608012037765	-3.03362858587607
-12.9484263918046	3.72690227691769	-2.79789842520263
-12.3236859516476	3.47190008148365	-2.23767711073633
-13.1834585503699	3.27931105641104	-2.41996147604082
-13.2466427247319	4.01667290258544	-2.53394240230477
-13.141579407732	3.8990007303258	-2.50826419223985
-12.7602802539671	3.86946031761281	-2.72003927526452
-13.267779173768	3.54131750693878	-2.9875990427584
-13.4577608680297	3.56898679203044	-3.08015787056696
-13.8942945237884	3.15192496331239	-3.16027839379297
-13.6167167225449	3.72665100472305	2.6390314034059
-14.2577191539642	4.20843040419676	2.05084636681224
-14.5983863874084	4.16269710214755	1.71923899331346
-14.9462375507141	4.66580209541458	1.46812504000643
-14.7651824793861	5.2028030980516	1.54225009370008
-15.063746138621	6.25764532309712	1.82398893591971
-14.4070719464003	6.10516411520463	2.12381545595166
-14.0857575194309	6.07553511257565	2.08312083824716
-14.7750475775889	5.60720838641381	2.03139562094013
-14.7914581046253	5.85845833874497	2.07778601993866
-14.2703372756051	6.00415443026287	1.96930766336244
-15.1291242655613	5.94396648251308	2.0166457735675
-14.4312034959706	5.83465675888786	1.9918753680168
-14.5460086280263	6.06138038809899	2.27252082747419
-14.2570051819972	5.59599487846525	2.43029435374309
-14.5707006262904	6.34692901412254	2.42481334790531
-14.7307835597731	5.76154830352587	2.00176353425829
-14.6427398418609	5.51568136865343	2.10291792959217
-14.7780358386218	6.88042941363277	2.14207160608134
-14.878480967124	6.99912389430222	2.63758807225438
-15.7457554461772	6.95004072225684	-3.02722923412502
-16.4082541152912	6.32312530767914	-2.54843477093901
-15.5378836436981	6.9629145397742	-2.3342570282482
-16.0598964076329	7.15082254786622	-2.43229346673456
-14.9586943424263	7.12021737313812	-2.1080347446294
-15.722270932103	7.46143128413826	-2.11392861582748
-15.2857054197879	6.94581096518305	-1.64456594212134
-15.6999046125822	6.84702736186224	-1.07055160708315
-15.266946255571	6.69129899905094	-0.651834408778758
-14.8412271581649	6.99015705093516	-0.915203888325339
-14.5506883964173	5.68763219311411	-1.15427389535805
-14.7506866990307	6.04102171197853	-1.03641495543607
-13.9335081213136	5.53267255644714	-1.33965398368716
-14.2470637848502	4.49022720106311	-1.87853791806338
-14.5267010843746	4.59973781344267	-2.45647879182744
-14.8614238931656	4.90582585078644	-3.05445531914244
-15.024306426483	4.90350892143602	2.95344776335763
-15.9095443761474	4.58970347124001	-3.12731781787734
-16.5427315317906	4.34994912835629	-3.03561915667806
-16.595058601632	5.11111326477393	-3.00117969482196
-16.3229136869297	4.79232909261878	-3.17048838315784
-15.0935254418377	4.75181037830135	-3.14352343311013
-15.2642992768382	4.83489167522143	-2.93372127780745
-15.5304498894139	4.14902077041349	-2.58422766351416
-15.3731787000259	4.61502221996356	-2.38028785838999
-15.4250958570109	4.15293000177407	-2.33493461077796
-15.58750936298	3.93321500856438	-1.76499183107293
-15.7049923772706	5.01188589278195	-1.15925141697642
-15.4429061826972	4.62155529702536	-0.624925697553396
-14.5963042489622	4.19518106927971	-0.284106471007045
-14.4509269843057	3.62089050452987	-0.71929925108598
-14.2458920682868	4.29211206676196	-0.630683175436509
-14.2174700806063	3.81563793803573	-0.238012415851249
-13.4839791505298	3.82305016676104	-0.298274617579968
-12.986690447632	3.13637651703437	-0.495620159662851
-12.9781261401771	3.781779080544	-0.240909611600726
-12.7904225228287	3.51746709982324	-0.204206568118168
-11.970497222525	3.59769828276036	-0.0846080842254653
-11.7919821836906	3.14435710643853	-0.394159362739067
-11.3375252195706	3.11633069403694	-0.728765885299428
-10.3946403480162	2.13648475097815	-0.651092248628649
-10.5939236552213	2.61738910505151	-0.838634380177456
-10.7312959042333	2.33103889027794	-1.3763423803117
-10.3846515328794	1.85193230296596	-1.89649280958471
-11.2608821205767	1.17014983124289	-2.50921663478548
-11.4806511267315	1.22402523922512	-3.1201441330228
-11.4497893960773	1.58810013157425	-2.92894221558889
-12.7367822203053	1.15544163117004	-2.834402990714
-12.0586816812489	0.781602992883984	-2.92215714189876
-13.267920679332	0.678002851577347	3.16280081544512
-13.860943705187	1.05804470425687	2.92286341153569
-14.0897287543916	1.14200456677885	-3.18161692687946
-14.5586858916619	0.694370545429016	-3.17579902809986
-14.8911175357709	0.915335795382023	-3.18752346554409
-15.4371415263755	1.34270009108093	-3.0415985789664
-15.9334174321838	1.01192841124091	-3.12874163415595
-15.8906294189795	1.00776682092749	-3.03238176882074
-16.6980248012891	1.56893623634318	-3.09603936106375
-16.9895594838117	0.751699714233924	-3.12267817697998
-17.4232729894735	1.29303432469775	3.14129780432059
-17.5657784937022	1.14005357940107	2.98517422957657
-18.3361282847386	1.19107300281669	3.00391854876955
-18.9288050472068	1.15718234245711	3.03269906926977
-19.2971093772242	1.23305669915762	-3.12481148826169
-19.656672435732	0.544282586109515	-2.97158850152127
-20.3777095052657	1.46016828271659	-3.12521285565493
-20.5628722226182	0.977236264511132	-2.95989798775132
-19.7747353587425	0.952989385461803	-2.33860039491447
-19.4697722850089	0.816478182915853	-1.99753759797824
-19.5135447477663	1.15607709949863	-1.63906433677446
-19.6108766347044	0.381573920960976	-1.5539264042374
-19.1817354955576	0.990454652008897	-1.73640171301523
-20.2252370897102	0.172927137711511	-1.74452267874166
-19.8904013496369	-0.250659285401185	-1.37084952538812
-20.3483752479481	-0.938126634667827	-1.38305975090635
-19.9510939523913	-0.810423671185205	-1.61846253194349
-19.2829884514318	-1.78850337494072	-1.40164393020398
-19.2527725091206	-1.95565280724769	-1.67869974393241
-19.6724636896551	-2.34042060601201	-1.79646692939257
-19.7901328100835	-2.63955514703359	-1.48371313941954
-19.5120020240702	-3.57940804585041	-1.48280875048438
-20.0733539796102	-3.40085952938494	-1.87620643401021
-20.1372395043722	-3.98417440965124	-2.07679045986234
-20.3506195705084	-4.11752961284853	-2.0843022088349
-20.5258711495428	-4.34316589727345	-2.04319631592636
-20.1049117877987	-3.78782193457549	-1.92836944247018
-20.0755823096218	-3.54146927776304	-1.74435360563821
-19.5418869907099	-3.90009513375873	-1.24920181046088
-19.9818662738705	-4.2210995765831	-0.859641136834238
-19.3744733990146	-4.04762814376685	-0.539336854667078
-20.2363773174551	-3.9185218927003	-0.0158391169223293
-20.1070039863808	-3.76406505785623	0.539837272202562
-20.2805992340779	-3.84235177888194	1.14977677520979
-20.0555539659936	-4.4998190159733	1.22808487732427
-20.1113210894386	-3.5492112759986	1.10868623503205
-19.8331519634884	-3.31121475683875	1.27846873854745
-19.4701060169882	-2.76353797766784	1.50662005845057
-19.978372838968	-2.19620826642272	1.51566426446544
-19.9171531937088	-1.79427024379085	1.69968235669956
-19.9372543708554	-1.44231319947346	2.06155889648387
-20.2530981657	-1.47667798143416	1.87923090743246
-19.8043598445246	-1.03800776146251	1.42131349686285
-20.1601790225865	-0.678152777712344	1.16747920851244
-19.6190912987196	-0.628368723749618	1.45673002464007
-20.396611519105	-0.00812031539684249	1.99088458611711
-19.8025259831864	0.125405748555775	2.5184554191117
-20.2771662002347	0.809876967696526	2.48728914767169
-21.1088672506319	1.40086277716835	2.72895375450843
-20.9511834641365	1.03520837531773	2.82776349395606
-21.8814510481968	1.22957061194783	2.86240881212718
-21.9881804724274	1.15547338904124	2.72536121872047
-22.3839221607899	1.28345936976749	2.68060850977943
-22.5198292885209	2.41235949328395	2.51222583519483
-23.133152154657	1.77966934431406	2.6130090725266
-22.5863917941344	1.89853195244456	2.44981893435095
-22.9972963373722	1.4797859918071	2.52214844006773
-22.4691832616953	1.86114597049796	2.51869575919014
-22.9849003833321	2.3091252390227	2.52271823357431
-23.1783723466809	1.90319990747252	2.43343750610198
-22.8509639189101	2.45192390219749	2.63053481620291
-22.5202885120687	2.03616248175828	2.96149951975486
-23.3527368020927	2.64933532636293	-2.65097018596606
-24.0040316352012	1.61650029125274	-2.1021913323717
-23.4930108719318	1.1318114623425	-1.43393338903968
-23.8749140989543	1.23560411479647	-1.43176747122342
-23.0299219216832	0.220481610406495	-1.30345981104976
-22.8654363216727	0.273842102683432	-1.11741139890264
-23.0897392674954	-0.473053217090846	-1.29375992853217
-22.5706577319736	-0.466009913154352	-1.72629607647493
-23.3374625683841	-0.965407745617939	-1.80397007863933
-23.0129217810465	-1.00187308877108	-1.62839531654887
-22.5341230115741	-0.0825967518127668	-1.38279809324247
-23.7371382146117	-1.51662972583215	-1.35183128567944
-22.5782160403569	-1.776617070253	-1.43265579847274
-22.6413151865614	-2.65081893536334	-1.71444610864317
-23.246196474321	-2.12981355863067	-1.78983106053279
-22.7464998483087	-1.35459906183042	-1.62110217559776
-23.2052569185613	-1.72936954720988	-1.37349526699851
-22.9644192589407	-1.45958764436617	-1.4541289003172
-23.0008881675605	-0.858708020896561	-1.30186572256246
-22.9437452152008	-0.873085186460472	-1.29430858693622
-23.4157876247556	-0.542617948795712	-1.26522524296805
-22.8187333713365	0.290171454238117	-1.22719399973794
-23.3984312025723	1.04535232060051	-1.19023687033673
-23.6233250225782	1.3377884296305	-0.979592657381468
-23.5507840388794	1.04729200880092	-0.42939353669409
-23.6807105387853	0.846657566787432	0.201743151828524
-23.2894220875657	1.69223824451492	0.27138447164501
-22.4310703953748	0.799868666452124	0.241510245340364
-21.8116912458062	1.32934469507171	0.253403166220569
-21.6106046390139	1.83810599346522	0.204506989336254
-21.9687637981695	1.2231363615577	0.154571893731012
-21.9114772185484	1.3115592285896	0.217877770811965
-20.8325478590406	1.22180978742581	-0.0326397850450264
-20.2193345413962	0.893852192271572	-0.232293756639163
-20.2999619401972	1.78032518021131	-0.130179320094799
-19.6602926662443	1.30633106890829	-0.0703248553356102
-19.4109289527271	1.27593022454631	-0.170902101037481
-19.3092435014599	1.33719949993897	-0.145040072286467
-18.9958989666616	1.58150525547412	-0.132354650650062
-18.9635471032387	1.06144388431305	-0.110827608942021
-17.462153556922	1.36592870621917	-0.159966046711315
-17.2767525646898	0.491883576393049	-0.366073899533586
-17.3917941192697	0.798335285618905	-0.2878477000926
-17.3438541677905	0.539855467038503	-0.27521646700219
-16.1673419742247	0.322018794515427	-0.307691983524579
-16.0952591393995	0.781937395748176	-0.463264086188571
-15.6513116515469	0.53248806354257	-0.80124472646664
-15.6511489929395	0.261020095627748	-1.37620830645116
-15.4631276457714	-0.472395142096804	-2.04310297046192
-15.7437315206614	-0.529171125768002	-2.55539556646924
-16.1218718401474	-1.36347672379339	3.16194225639001
-17.0886707784729	-0.770786197013835	3.03603442091406
-16.3816873626547	-0.918826713793542	-3.03086795932932
-17.4445443746235	-1.18812641018843	-2.41632273854597
-17.024028475711	-1.51279954807909	-1.87223035750092
-16.4238149474652	-0.952690384252557	-1.29040295084489
-16.5618586645752	-1.98377786599735	-0.624756279540252
-16.3550411822989	-2.23283034837329	-0.420193069638912
-15.5527724650531	-2.54592544702685	-0.66334794282031
-16.2966750606428	-2.37205889900214	-1.30776703205091
-15.4494113014263	-3.08635750064641	-1.44444438425218
-15.6279548867617	-3.73027803817806	-1.793475177193
-16.1039192985397	-3.88688047109065	-2.40383183444685
-16.4606700767362	-3.81420823693239	-2.65188015373726
-16.294180351905	-3.99737614572032	-2.63722273072904
-15.9943144077156	-4.25900404866781	-2.22025578562194
-16.2669036852136	-4.79990599745564	-1.6256619721494
-16.6165008092228	-4.84453100686296	-1.08306488548948
-17.2906571495402	-4.28180179690743	-0.512643627655455
-17.3191469305238	-4.49017509212951	0.0494766370647771
-16.3917529602364	-4.21928943418457	0.773173372630251
-16.0705678204159	-3.60016814485176	1.35278200259253
-16.2520662344944	-3.57775594782436	1.4022757939599
-15.8133348524056	-3.29855738707882	1.11951572648459
-15.3270604583215	-1.96327127526829	1.11275173968549
-15.3502874317392	-2.38874679172602	1.33884793806113
-15.4950317618732	-1.45407911711654	1.2971651852623
-15.3352818984938	-1.07496217986597	1.45719454949151
-14.7683544102363	-0.891185161288227	1.51474128455954
-15.5560166513047	-0.196398695649992	1.50107894170527
-14.8744844441689	0.139601839008936	1.17757747395073
-15.2573413169409	0.699951025224661	0.520920293570812
-13.8162361928056	0.227138106455637	-0.0319029473813981
-14.1911689165391	0.415323639342682	-0.404563509852225
-13.5631591420531	0.766968523752749	-0.198537237453328
-13.3847062533117	0.275761300044164	0.0380710510410611
-12.5975673693049	0.421223621427287	0.175758115586694
-12.559695123636	0.466916239895829	0.163782953784046
-12.2358941772702	0.232642005191383	0.0384929286394076
-11.6461881343403	0.539386978745527	-0.370970847544927
-11.6980338701263	0.648867726881159	-0.731837584674651
-10.4279921370727	-0.0769046362228756	-1.22399134107498
-10.5580640529657	-0.801304178391933	-1.45501063394314
-11.0526071313002	-0.90894362671715	-2.14676376124676
-11.0819733226749	-1.44292752597917	-2.5544166771389
-10.9485477842122	-2.1693855232187	-2.95857870176483
-11.0254359442394	-1.16103876576854	2.86688380374347
-11.4580429124812	-1.46100976932623	2.87207661755468
-12.13011206251	-1.56228271006748	3.14738218393348
-11.7481056528904	-1.86330280163155	-3.12077523078845
-12.0784479211353	-1.18753488556678	-3.06655329592998
-12.4135288682903	-1.82612951648769	-3.0635054327256
-12.9618591668003	-2.14595891922648	-2.94361123685872
-13.5663394963409	-1.29380239398496	-2.86649003407402
-12.124166101501	-1.86419844937725	-2.43493871618922
-12.9092520296933	-1.82794582039895	-2.24891008663661
-13.0588128786091	-1.61269922630979	-1.99648785739696
-13.0483776562063	-1.05882847266162	-1.88457825686819
-12.8734369308011	-1.61464125467323	-2.08851970152192
-13.0537503020772	-1.84371056930124	-2.13589810001017
-13.2473088581885	-1.17784860689577	-2.16251516736222
-12.8991462067085	-1.49043159324321	-1.7075856397405
-13.2245851672054	-1.34799826416623	-1.05271727704458
-13.2316675141312	-1.56437799644424	-0.672829342423063
-12.5366007282745	-1.88798365227282	-1.07397156258583
-12.0430722754155	-2.73422930465114	-1.64169214774304
-12.3530018595578	-2.84118596023164	-1.74322439091023
-12.3563594687795	-3.96210472436943	-1.7460541456789
-13.0210551560624	-4.02325029874811	-1.81215333127164
-12.2672630940722	-4.11717315221972	-1.50331850561457
-12.0697975215456	-3.8970467267618	-1.18381370536038
-11.9160532360734	-4.70945988932225	-0.633101419604573
-11.5304606753379	-3.98370275867527	-0.772524557916296
-12.3897926545646	-4.81414164854544	-1.30960333989905
-11.9005217387427	-4.68948188178857	-1.38620273738139
-11.7372000055692	-4.47126380861255	-0.804669466602331
-12.2537091497126	-3.61675674801305	-0.441031654294407
-11.5507283479317	-4.33264749763673	0.123462093698285
-11.1309330098341	-4.98265075094262	0.335791621389746
-11.4543642760913	-4.87959242805161	0.689479114213384
-10.9427590199802	-3.89215922559662	1.28657437845074
-11.481252067292	-3.46512852086903	1.25969518198792
-10.7629215361451	-2.97022320954172	1.20673540106063
-10.7586727660575	-2.60061691574344	1.55055847524089
-10.6169336567423	-2.2782592768076	1.52474691685849
-11.6496289259173	-2.68196858337228	1.31929822703191
-11.5499852062098	-1.68802964086873	1.16339669338179
-10.7226472039709	-0.416531105352378	1.52770825794409
-10.8794266218445	-1.08543128386409	1.52298285287227
-11.5665029720508	-0.185563739334864	1.42619111428835
-10.6025960577219	0.733370725187157	1.74749009348495
-10.7543165408928	0.472998180932211	2.23807000951321
-11.5497166771033	0.888418606062633	2.92126555563964
-12.206774547761	0.992737955475298	-3.05151171651186
-11.86991208943	1.08268169628266	3.00061943828003
-11.9133806615396	0.888319124413585	2.96950254085225
-12.3928987190536	0.797665409122511	3.05506122420818
-11.935520839081	0.971192324410451	2.97869415349694
-12.0906997192156	0.405870195881527	3.00454640119507
-12.4878095331657	0.933496585214932	3.06327070520504
-12.3380203341022	0.414900724714287	3.03108200450644
-11.6200114944934	0.87543048751065	2.98788841892754
-12.9775010278145	1.01987341715211	2.93254176422984
-11.5782628582683	1.33996596146274	2.98967956072684
-12.4866997815235	0.354234841357976	3.07173290314941
-12.5149551682825	1.31356317576277	2.94308415724384
-11.928797929163	0.195462681700205	2.94077156756248
-12.3618505073888	1.03168271850052	-2.81789243696045
-12.2410064310206	0.678259939137529	-2.27284874817636
-12.1256847057787	0.370608750434741	-1.71640543932505
-12.5388441558085	0.0367135771621635	-1.13247542100845
-12.4910934316337	0.387591918973365	-0.578583700715154
-12.0251305535332	0.273179854988639	0.0891981010356677
-11.5580132289154	-0.147214912571645	0.104494513150541
-10.757562852191	0.248752339800434	0.050207961094285
-10.5974327642285	0.24806078102897	-0.00168648929883018
-10.0811334082104	0.572743345688336	0.102546316767525
-9.32389570416005	0.791119318397588	0.31788352624681
-9.24784841050876	0.696720928128032	0.902090248135271
-8.890717819072	1.52090080323389	1.04757142742665
-8.56206347166666	1.49330382281962	0.834032904337075
-7.98807749836671	1.93598363126965	1.02499472579733
-8.0237872865847	1.72987120680502	1.192271475738
-7.61217217170835	2.51398167423581	1.1574105099934
-7.41801099317086	2.7518127557142	1.46265311879554
-7.92178060360988	3.47358780545391	1.5113003870093
-7.85028912669149	3.58650665526448	1.2259467236258
-7.46010447566082	4.3303295300981	0.993167937584063
-6.6946717810629	4.51131200612685	0.814066909164344
-6.7122384087993	4.41274033952635	0.736925693220655
-6.89291303950732	5.28147107951838	1.33336677334086
-6.46433371064266	5.61269790772382	1.66996376102544
-6.56294033739909	5.69966214408588	1.7998115178121
-6.54429096304869	5.06689152915627	2.32457073828249
-6.94976192237146	5.19584010903224	2.85536356228584
-7.19830142824307	5.23818356172981	-2.7467082158239
-7.29246764230608	4.84571131182707	-2.17644158625304
-8.10091244114672	4.23787405900593	-1.69230546741472
-7.52354616916658	4.55801754008316	-1.90949190924259
-8.23019038850201	3.68007047718641	-1.68649488019002
-7.86487088556168	3.08071638790628	-1.69090602519616
-7.91912023624372	3.12376029406323	-1.77296320672598
-8.04330296338605	2.12769263997056	-1.50441910892559
-7.85530931533065	1.60059229371132	-1.58342167338837
-8.03208986407348	1.52811727914779	-1.52547725218912
-7.822648177389	0.931618106264954	-1.26432708805495
-8.15949708544433	0.452884671911739	-0.659577245633761
-7.26831986566056	0.687740170071356	-0.503097008239229
-7.6012347365947	0.468166390233139	-0.397522222612177
-7.71323397406718	-0.123839188047191	-0.392798022311401
-7.66269067478368	0.569659335622834	-0.361401211012144
-7.19268384865405	0.301675611639007	-0.334604029340552
-7.47040591958714	0.445078610410199	-0.402308127006745
-8.1650506744286	0.0201449494302919	-0.409307568534296
-7.4316089089461	0.441369818551813	-0.401091142896869
-7.34675002959075	0.409465763933533	-0.443843275631004
-6.81492941005308	0.403637030939453	-0.0799162396207438
-6.98053015262536	0.107678806139134	-0.225616720854452
-5.51732844568505	-0.393937696192499	-0.00803925569326674
-5.7325489897925	-0.127797111423895	-0.0753296479454771
-5.03381488847123	0.11359198188991	-0.0559602945203115
-4.79755804510067	-0.248890118195357	-0.104947680326796
-3.75770638490051	0.0471168179332118	-0.0355095932830795
-3.86931540226713	0.0688631065373516	-0.026591927887303
-3.30388565162157	-0.419395063593364	-0.0936227419171553
-2.69484425563262	-0.35115944617613	-0.0344531427209677
-2.43149936613519	-0.657824778848056	-0.195753197116396
-1.82698244600181	-0.117212518927499	-0.15267766874182
-1.98387074909652	0.0722431697964262	0.177624832271638
-0.724498547139498	-0.16742417933284	0.746093310095493
-0.810533944446314	0.376195966471933	1.24628542530264
-0.633609278748722	1.19281554101522	1.42086980121055
-1.12534690067175	1.38749688301016	1.62733374303145
-0.880101688953573	1.52067168127356	1.58595687331629
-0.983104770294553	1.59981954697496	1.4683186008703
-0.322045020001163	2.95224285119798	1.65377902859827
-0.446861360341644	3.1498969623295	1.64663001583432
-0.802254011589974	3.46286007713775	1.68761229870028
-1.21407861264001	3.70568067507527	1.63952147590073
-1.27167830943336	4.72215741262193	1.61577264161756
-0.752887781514108	4.1966103523319	1.39802285419254
-0.83845853205646	4.57630359258628	0.830759603518252
-1.02289632351944	4.51490726935581	0.202764852125091
-0.964382070685137	4.02290619622951	-0.378857192412592
-0.594957645549045	3.79749039990882	-0.956668865418058
-0.202294539891206	3.87247765365492	-1.53870646714532
-0.746711617839677	3.32580517842776	-1.44658440031699
0.217084392965376	3.16251075864786	-0.885996829798832
-0.225355484680839	3.13753162666646	-0.416147658100999
0.450320655095564	2.09178302929695	0.00357342517515596
0.789474834003521	2.51590782241989	0.107265725604473
0.941820846229307	2.7533003185128	0.213226498130848
1.54634389093172	2.55608199673669	0.456866848222972
1.75304807820725	3.3390556025709	1.01877706060939
2.00221812080068	3.4125325068383	1.35817865158303
1.79229750331489	3.9850185661009	1.10973159996149
1.5414819307631	4.74499699264665	1.15569316163646
2.71730136434485	4.46185365911618	1.27949607713321
2.25142799935741	3.94508258990529	1.2987054846508
2.3929086546761	4.90816487810834	1.55381127938382
2.58112704928404	4.26042976635288	1.3417072354062
2.44889374902979	4.36905582239808	0.767557621260198
1.62481701670175	4.19967597743311	0.243367954431672
2.45590205643534	3.85673215659068	-0.360515404636036
1.71051254422295	4.0015335278946	-1.02796595101615
2.20482717621182	4.21513083532003	-1.41377177127696
2.21463155295878	3.83218391248526	-1.68789444142677
2.18006975608821	3.34601557889187	-2.16447487322022
1.62001032584047	3.81322980869694	-2.14227961857329
1.49754506131652	2.9261729444747	-2.48466866149481
1.61329478734138	2.52728107942598	-2.86643379096415
0.305756621634076	3.04385058388126	3.1385507794695
0.441563063260187	2.97401550135731	3.01564273924647
-0.0370330782652695	2.58461905897944	2.9384834521859
-0.969364875298593	3.00153307046166	2.92881296960489
-1.23941351625586	2.67281319171563	2.8406313920214
-1.40191585010184	3.1890424425101	3.06223566680512
-2.31785420729094	2.74621075761578	2.9410717740163
-2.5771395543067	2.96131814880976	2.92601219621434
-2.98129809560773	3.58829999098088	2.91309225956793
-2.97475151214947	3.04459004589526	2.73821027707212
-2.91991902731228	3.57366396184741	-3.11729984873272
-4.11293506665727	2.91644511864868	-2.8262590697185
-3.95898605093831	3.76650307887691	-2.63265436932352
-4.45805624792462	2.9783411972533	-2.2653246529084
-4.57498447276812	2.26462373808084	-2.20000393387315
-4.97089736164526	2.58842138924085	-1.87101996435242
-5.37227505717361	1.53304146852295	-1.53522952718468
-4.98353164578218	1.4950525075748	-1.31946400158462
-5.19724800171131	1.30830922587612	-0.895817877504721
-4.57933324992423	0.53884034383284	-0.316600447566594
-4.86177453902061	0.806084347369145	-0.175023194507579
-4.02520243519589	0.274910032016449	-0.0603061207482082
-3.49567934369249	0.277262960837252	-0.0383763128163615
-3.17745940885218	-0.0854866453124055	-0.0601456678023785
-2.98422425320033	0.257374375267064	0.0333746044395342
-1.62663096819015	0.333007059889379	0.033904433796093
-1.5341941663065	0.40518292501314	0.232627951197359
-1.08984978309765	0.984883252205414	0.604299935407723
-0.511650121909626	0.941185495008008	0.943324416639705
-0.637370112931501	1.26105121812873	1.49943532294429
-0.325365942449819	1.20603037925765	1.47452408570815
-0.0184026044633425	1.79195377590974	1.72601827628856
-0.826222436320943	2.2313092430278	2.15770853177069
-0.894413530997998	2.48856183283499	2.67146251432331
-1.00949130174733	3.05430071638955	3.14730633160124
-2.29317691326687	2.41984752241827	2.80132633676941
-2.31392737471386	3.55307681381467	2.29976811854328
-2.80429569466019	2.83168536762374	1.92077845985214
-2.57943998197439	4.09768566113623	1.41393475382982
-2.13734585511404	3.51527038618177	1.2604828953226
-2.57628575735538	4.4617169021302	1.30009271284576
-2.15034777837424	4.16025747040845	1.37899111125672
-1.50504978500923	4.91781151605585	1.58136359011459
-1.68962703811376	4.39931160116016	1.62115657795668
-2.06263232456517	4.60939319078568	1.68722122594624
-2.33727720107029	4.45283786271406	1.70447178736092
-2.14973313149108	4.30829822964662	1.90388512684172
-1.97926099211107	4.47767626902465	2.39274088388283
-2.17951196497821	4.65315717291171	2.92270257898224
-2.55004149559462	4.45716089153717	2.99838885122567
-2.6667972686654	4.28825400349199	2.9674671846072
-2.03493139187718	4.34024439159631	2.81684368098248
-2.53361031624068	5.22896414856905	2.58465844119668
-3.28700594865854	5.18225680365456	2.43023293262872
-3.62039373514135	5.31378519697267	2.14762921717958
-3.85138350791448	5.95326999844155	2.0254114269765
-3.60172214280984	5.61893633704626	2.39396444155547
-3.92804345170987	6.59601477897406	2.4874452697391
-4.13723220614837	5.86649028609373	3.13718668165773
-3.68735731111962	6.4667301341717	-2.76788264903684
-4.17689416608723	5.87748070257506	-2.54297960894666
-4.73693471064745	6.05331917011336	-2.15014793443485
-4.6770205204368	4.81073377461077	-1.54307027989093
-5.15582833438365	5.2301515900936	-1.43812348294888
-4.79644296699367	5.36321243809985	-1.47058831296857
-4.6107696197983	4.47262855681116	-1.50227944550859
-5.01268110395494	4.08824835869405	-1.49662467245925
-3.97559226721652	4.31404989863501	-1.12152080432927
-4.14472158341876	3.90842696854302	-0.802146309613646
-4.5633258999331	3.56821360488359	-1.14015044245391
-4.39357069293553	3.15649200058078	-1.71439540318155
-4.28013589890449	3.09473797289257	-1.90155164336927
-4.84547120722127	2.39959419112753	-2.11709671225161
-4.58833241971293	1.75636861762342	-2.21755537102666
-4.80331282110601	2.34583825590449	-2.14075687647382
-4.63920174940106	1.27475869493291	-2.00162976156415
-5.13133173522754	1.07453751310536	-1.6972340235573
-5.51233917525803	1.44357166695758	-1.08669871565863
-4.68466795063472	-0.161036944450196	-0.494998863373342
-4.60021003475756	1.10689806321954	-0.36669381035636
-4.15549747946207	0.571923028007742	-0.182773836619874
-3.6639820507648	0.701787166955226	-0.055943363686133
-3.67418385825891	0.689151898972101	-0.0774440531647421
-3.01054754350842	-0.172432488827673	0.0544734901911308
-2.30381825805455	1.07056447997332	-0.0545404323289391
-2.39919913423154	0.217645906729617	0.134950370302256
-1.55691059589898	0.00807783202443513	0.0645599784766271
-1.26608587054325	-0.310759827349159	-0.187178186621692
-0.906499839971658	0.439898992906048	-0.210141085225281
-0.510222397138678	0.171623017665398	-0.516653189634156
0.171362277228496	-0.0417081371347851	-0.810513294155055
0.409964503018256	-0.0937831820739085	-1.05926061279273
0.141769710863029	-1.27000410428872	-1.21510986703442
0.650645508583356	-1.30896317693123	-1.44864437641531
0.363070565650264	-1.89847444969937	-1.65445760383314
0.468968735692842	-2.26061803294774	-1.67828968277646
0.300820651654645	-1.99601968044285	-1.65344814427624
0.339330099538804	-2.88104200546173	-1.68995723677537
0.677193385906409	-2.85261566177428	-1.68336922165763
0.605552732964433	-3.6221961916889	-1.50316575641723
0.329576805222979	-4.02665871129741	-1.27522272227896
0.240348306599519	-4.53332443918043	-1.11415771308684
0.828988714672982	-4.00067817225113	-1.28228405686542
0.942781813706638	-4.91054455596474	-1.86144906320888
-0.0781378474271567	-5.34536347794522	-2.44025272702713
-0.03937488777932	-5.22559677756092	-2.51193088001221
0.342362992863322	-5.60761135379317	-2.27660681902767
-0.0277348040599745	-5.8078041284301	-2.06896154851153
0.0212769636642296	-5.29988052562255	-1.97807062013526
0.395667289392246	-5.50015080164966	-1.83475704765434
-0.793862714540275	-5.70221622409464	-1.66304919185553
0.206644026927162	-5.82969649182324	-1.07274033723422
0.101089385844043	-6.02948405007204	-0.387507108928601
0.534280273409141	-5.53065426696737	0.0661652204392286
0.871221544715368	-5.80805199546385	0.693609931503561
0.472445930858694	-5.31837226921112	1.21074976042069
0.806010442960931	-4.60883195501926	1.77022754411698
0.560126830068074	-4.62209940510114	1.89001587531462
0.276405015807372	-4.4723221586585	1.3716517858266
0.38767746093993	-3.48475954261626	0.961396807597049
0.958566974274723	-3.35007924773841	0.778123774289526
1.2432719444304	-3.53478479503237	0.824362143493591
1.20621108390522	-2.81927681406438	1.36408185736044
0.833164936370625	-2.76107119550981	1.98766995161534
0.917227180381615	-3.0378387514367	2.23925853696732
0.972414243108147	-2.44260820170683	2.00271019751298
0.202939349800575	-1.73501744538907	1.50486427650647
1.04406426249924	-1.63289784282656	0.983641589843707
1.23846236717834	-0.878314126455835	0.473978432821085
1.52168194788653	-1.34261275795871	-0.100818802340535
2.15190330620548	-1.27486976787133	0.261417048509264
2.01527953629062	-0.97494247074024	0.381309134880506
2.18290258098629	-0.386418396392519	0.190017535773214
2.58969924638246	-0.328820238115616	0.0793562981752262
3.34716533768257	-0.226088213980695	-0.198254878209696
3.65211236239997	-0.0127862527764175	-0.158026274502032
5.0537499234	-0.341675352933983	-0.220714166785535
4.85674298759997	-0.879411035656744	-0.171790499580617
5.98456806528556	-0.328680962600648	-0.21426521500549
5.30289996760462	-0.785624816636797	-0.189653274725757
5.68106567574638	-1.10038854188179	-0.122882820140913
6.87163379151277	-1.24828269610745	-0.201994615219034
6.69204152714563	-1.26159406978513	-0.122536591693244
7.16072097958247	-1.59524901784	-0.251911585986942
8.71033106415302	-0.831757434086528	-0.283979066011231
8.87390024609689	-1.71338257959698	-0.101482261011357
8.70501071331059	-0.83998299593297	0.17784743970212
9.56920745454485	-1.6022742271161	0.150211193211565
10.1713295443567	-0.876402066124361	0.263913237285844
10.1009351086508	-1.12336027349394	0.171348121126375
10.9129922881025	-1.04903653379662	0.23126533102892
11.3894573276545	-0.94217707448913	-0.198282226406961
11.4360856857833	-1.23062567396356	-0.641893822257686
11.5080450201874	-1.79098621310361	-1.25882678999586
10.9987726439113	-2.54391685448304	-1.55567596862743
12.0545900502091	-2.45733012707707	-1.72080182360156
11.0809209437141	-2.89268869590227	-1.77411444971766
11.0026068661294	-3.22832022458397	-1.86669306078035
11.4759688856173	-3.10964856572311	-1.88086347984053
11.5327766707866	-3.81171607200182	-1.91324945719822
10.9788074991268	-3.88017861124784	-1.90861811486918
11.1319876789651	-4.66371244125543	-1.74302530664766
11.1667310452512	-4.60884739508229	-1.7000971639379
10.8235691826662	-5.7221074014378	-1.57682626743023
10.5355657250233	-6.37504184265304	-1.50131711438891
11.0838279365131	-6.68791063205591	-1.37297226268741
10.4915574207639	-6.65003005773872	-1.06495002245347
10.6211009541176	-7.02515319232759	-0.430021226822018
11.0322649477477	-6.62413732854131	0.333185825186034
11.0772223538744	-6.87771849539483	0.963213961703243
11.7375127611939	-6.71898374858505	1.39011313136454
11.3354880136147	-5.59594138534201	1.57599955232652
11.6959262365402	-6.1358722334283	1.63954399906576
11.3641935328571	-5.50329119634322	1.58550740835386
11.1404613248653	-4.8688871603049	1.53026554410862
11.7861834926045	-4.3232011250603	1.57083215639515
11.7071339737689	-3.0639178361874	1.57233060246435
11.3308883940541	-3.0313882876842	1.51140557532261
10.5678443952867	-2.98945502110851	1.45823803095754
11.4408043786915	-2.54896225442553	1.85048410593458
11.1640444255215	-1.97202305221568	2.05628857356334
10.8096921958958	-2.51987714633177	2.41868540703728
10.891333696018	-2.03654630670466	2.39410796774091
10.327852526459	-0.973990053876098	2.67695934706072
9.59516653998708	-1.64269586188833	2.98951915851448
9.13752635163353	-1.14661403541082	3.00264552062269
8.69173012731545	-1.08777915604104	3.08579770544491
8.70919540086937	-1.10852430309111	-2.95095316875751
7.85300182206093	-0.920058434099241	-2.63415266950856
7.87370034621591	-1.45209879705799	-2.09390482863731
7.0038587115169	-2.11011123241005	-1.9647890377586
7.25333652539268	-1.91326842124623	-1.93789755229303
6.75728532043194	-2.93489307824207	-2.50254343967355
7.31661358190397	-2.51243099080433	-2.9524082046158
6.32393333710813	-2.68403845630406	-3.01782882483793
6.03531572244391	-2.8516045195424	2.91325391603762
5.87515447709822	-3.37461071892856	2.98880648663277
4.90193713399838	-2.56697588894171	-3.10052385193599
4.70513933183594	-2.65829339546266	3.14637241787402
3.75843816913592	-3.18960203536813	3.1134425204372
3.49891781045703	-2.76633706704298	-2.89551584176005
3.87157631745968	-3.25816087798586	-2.37552100164157
3.55262763005319	-3.22660903159603	-1.77481304945156
3.15948087918216	-3.26817269217313	-1.19821676544551
3.93733887947837	-4.13258295216164	-1.40504211757641
3.49998974413467	-4.00950079760952	-1.7220509745691
3.61875952378307	-4.54486793666571	-1.86205889093821
3.56911165385969	-5.32572841801739	-1.96867004725203
3.17810704871841	-5.75350503115785	-1.89958785884981
2.96213722905288	-6.36818788892768	-1.40875548725082
3.84192093677206	-5.77238033385624	-0.861687501707676
3.62019275554277	-6.04074372703359	-0.741131778240118
3.59901499612525	-6.59792811402714	-0.871680942351723
4.1038942257268	-7.29332401148089	-1.05184880843282
4.31618823893591	-6.3501737093376	-1.03690618401158
4.27800279659992	-7.54187984959599	-0.459027643690044
4.58499904132502	-6.76262432777575	-0.217951954377395
4.6702364464086	-7.19869181487083	0.0384072962621803
5.12306263964328	-6.68838758601732	0.0956230748430469
5.61924846092941	-6.61919509558572	-0.312656812670752
5.93994297253815	-7.74952844616726	-0.281400018983982
7.21916937863241	-7.28562663995053	-0.359200040050661
6.73055906739789	-7.55750582671983	-0.291242716916509
5.99241574809057	-7.59336725529577	-0.240698026735615
5.70425399394101	-7.48381982673546	-0.143354759343247
6.53620506433149	-8.2529737599748	-0.0385687055664489
7.23899108650856	-7.91794592862529	-0.0105447153033891
7.32855185447958	-7.06642379495713	0.1801604414051
7.20397524189426	-7.24728317525403	0.767154006421752
8.15785329127264	-6.70328099889083	1.31311379963031
7.7047808857465	-6.00020933680377	1.26666403980653
7.91782386097364	-6.62709190373848	1.35454149389103
7.51436224567242	-5.46653017524741	1.00085340069797
8.41683706458209	-5.00459534083723	0.761513772052832
8.29098422083881	-5.50389199546764	1.08350604518125
8.466896249956	-4.44273898224561	1.58858231494678
8.34576669869647	-3.82437233673867	1.78550911317002
8.81090523669831	-4.19822401198106	1.71551545996413
7.83057658344083	-4.03019449663516	1.77259599787891
8.44039410574373	-3.4375979532678	2.11545279509143
7.62280918826466	-3.56327776740898	2.82602742542605
8.00727330198131	-3.99650959470121	-3.1416462638325
7.48100270819514	-2.94460520353365	2.90053219231671
6.45183836653288	-2.92579273432326	2.46277657425396
6.96134122764318	-2.929683757939	2.63445424737582
5.98556934966966	-2.52316336863609	3.06784310211725
5.41426441469357	-2.39714843585671	-3.20522068932118
5.31000207666513	-2.69423293843797	3.10629730652546
5.24507152021914	-2.50043026241701	-3.02248533099043
4.50770280788215	-2.88759431352571	-3.03134317693735
4.17235661420015	-3.0801274910097	-2.72843306262874
3.87704925939284	-3.84260401211233	-2.46118139573984
3.82949820061667	-3.25593277568665	-2.25561114151522
3.60218139268991	-3.52939760425251	-1.91582840950345
3.94215865579222	-3.86964429832787	-1.65267576971821
3.9164878645848	-3.93424013852413	-1.54884817908773
2.96405164880855	-3.49191616637701	-1.1900988177354
3.47773841705053	-3.82596208878985	-1.54076505766102
4.03099370902212	-4.39024440947313	-1.82604857109869
3.44779680404789	-5.0837574232588	-1.84833991509161
3.68472217546574	-5.7833842417535	-1.59055730603203
3.66204456097559	-5.14123006900605	-1.41398079461227
3.3576588947311	-5.9178966505805	-1.1885666257624
4.22625795045057	-7.27919772551679	-0.803695228814652
3.50250279779683	-6.39044570098258	-0.289910817028156
4.54955397003013	-6.6902039888721	-0.14568063072936
4.66962607071151	-6.60253016874043	-0.265691690756961
5.5468144405185	-7.41588722568802	-0.193313191137468
5.6280591032632	-6.8867746762493	-0.277940821518574
6.15124540804397	-7.43311396245428	-0.242003137716939
6.8703567739418	-7.49488184864297	-0.0738149953718251
7.20288779586369	-7.57169134390486	0.433744352039289
7.33034673761785	-6.61854623435577	0.967616498425549
7.26719183065879	-7.27793784360942	1.17309266401995
7.48518179171366	-6.02447989143535	1.18682888756723
7.84175815175891	-5.75439299541814	1.38147082525722
7.666890239507	-5.49945583172954	1.64257042273491
7.73329234289584	-4.754180305811	1.69572885729347
7.75225343705251	-4.74145875331963	1.6133707433104
8.19664047658192	-4.30786611036285	1.15856401047436
8.64938755843283	-4.06858797078856	0.520349854377571
8.32237168560719	-3.44975911387738	0.145668275408792
8.34031504328826	-4.17491270317994	0.181555786091617
8.37692114351856	-4.21115328211586	0.125208150455887
8.27420878762218	-4.15163790811917	0.363698044338104
8.64616955712555	-3.21117310530295	0.961602772794564
8.37125389533594	-3.39593840017343	1.42207715880005
8.83963000180986	-3.78788798629068	1.98061088595969
8.6297273541248	-2.91795229836606	2.71791666135689
8.02053473986024	-3.15795596597945	3.0227949102622
8.1560593152301	-3.48902685136596	2.88582078645529
7.35830912771208	-3.0082157686997	2.39668504686508
7.76701162764274	-2.4167517611248	1.89845349994065
7.19443525659766	-1.76108047365455	1.69852852515628
7.07378855099489	-1.56941600342955	1.68003258415999
6.80467591679993	-1.53712190800685	1.9458742114178
7.08869041516945	-0.893707473324721	2.55978819905365
6.17550602329675	-1.16547628626	3.11238390370721
6.61697482688502	-0.998521167637737	-2.96908576058491
5.22795288639872	-1.54953868965726	2.70092224536273
5.25414565032663	-1.35787498880476	2.3457242803674
4.39137010039647	-0.539025960170988	2.35241965180291
4.61992032339985	-0.412804006363587	2.68115542504698
3.99259885270008	-0.568961112040608	2.64919339668154
3.38444310386385	-0.146248842358761	2.98327679280997
4.10437397526075	-0.323061440927451	3.01150755360025
2.8450106319111	0.0596754410571294	2.93527404223549
2.10627216411433	0.641241216218759	2.99860747900706
2.38579107322075	0.224693326854726	-3.08328835313673
1.87097411223365	0.273413199352968	-3.11987151773129
1.56471529496927	0.23971788008473	-3.08685393073081
0.886301383273483	0.0945761027783467	-3.07339328650642
0.997115730669463	-0.139445123241344	-2.85958260092742
0.226147383468606	0.075695966157049	-2.72901157041534
-0.409206228671008	-0.363786786389063	-2.78741626976857
-1.00221191335574	-0.532296841844609	-2.86994340783886
-0.98466097331349	-1.12737546847519	-2.75501793951345
-1.44041911014788	-0.833879411491766	-2.6225342687179
-1.78055754430069	-0.341177070619598	-2.34809524128196
-2.32170195275897	-0.889059463570242	-2.12135173915751
-2.73359014447018	-1.31104093040001	-1.66375697815779
-3.02548163646626	-2.49228124685845	-1.57025144219252
-2.115520424995	-2.58440960929511	-1.43392516280541
-1.93719091504979	-2.6870913701061	-1.36312168758382
-2.26686013501457	-2.74438549532808	-1.56771600883188
-1.99024713371248	-3.56114010286254	-1.60097742960999
-1.89080039245731	-3.3272414149731	-1.75070538679635
-2.31390239098725	-4.39474909826964	-1.76810285270988
-1.94230244360162	-4.10134747256396	-1.72612235930454
-2.12643561321659	-4.68800124167855	-1.72935739003282
-2.43031012117474	-5.41679288311125	-1.8961738502422
-3.12550234963758	-5.89662670755482	-1.94180072874904
-2.29418818626797	-5.90100828296551	-1.96476583176654
-3.0865251145995	-5.53757553686426	-1.97900445190579
-2.86174304457673	-5.48306483176662	-1.63745516260759
-3.07460033099262	-5.70451093307064	-1.11670471668061
-2.39276537857049	-6.49075700830049	-0.674831119916293
-2.16385166441173	-5.75201256070431	-0.297959747049311
-2.03883524720609	-6.26370926475109	-0.20422400334931
-1.85270153028235	-6.13414439706786	-0.193841928629549
-2.1674091286797	-6.61774961078221	-0.217485073083035
-1.32901614087355	-6.08899093743583	-0.622797607569702
-1.181188733128	-6.62824531097928	-0.677235706999295
-1.66843506483285	-6.59951982870158	-0.618111908680832
-1.09752746603753	-6.34685618772254	-0.60136471292486
-1.61822166266654	-6.34119562605696	-0.56774550510007
-1.58342521525954	-6.49888411850121	-0.656653006187394
-1.58399502699203	-6.3750062309263	-0.478894998180373
-1.90465461180735	-6.45870758664878	0.142864653943411
-1.43414206217558	-6.41245195812002	0.702373352351015
-1.5350522929474	-6.43641581949405	1.27100740382717
-1.02307402090621	-6.8058031661721	1.50624095812804
-1.30679194703543	-6.52915871679482	1.68206161839683
-1.75916441811362	-5.84222081252678	1.64441578076728
-1.51588768408811	-6.21374710131111	1.61639040736943
-1.10925106142705	-5.3788228511892	2.01080525620636
-1.39959626228302	-5.43972607144845	2.49721773051943
-1.72726533457416	-4.97985013286911	2.44204898398708
-1.72504890482517	-4.7044877462494	2.23244247816296
-1.71406224638374	-4.35311739492552	1.69273131594198
-2.23105038716169	-4.45832682857422	1.71853332072927
-1.85148599190225	-3.99435918627273	1.95744349109518
-2.57396664300108	-3.36359570189082	1.70139236310334
-2.66038482218367	-3.51212052985445	1.49582278280235
-2.20047513093405	-2.50717509373697	1.63896172933441
-2.73326862609349	-2.10563263811336	1.87681930223011
-2.78725533466749	-2.03014197557449	1.91788187112043
-3.11021437238268	-1.55001848154427	1.96255780265934
-3.321399301095	-1.04708743902648	2.05137837733204
-2.9693294652068	-0.609431377979482	2.37369186964206
-3.22639961161234	-0.187661223329862	2.54529881919005
-3.42999594015955	0.099139469969036	2.43378124529315
-3.44676767598849	-0.387503211354796	2.8402242126619
-4.63229756040352	0.0460216420457559	2.47687168878926
-5.21143607186514	0.819036358966638	2.32408545086599
-4.73751015135476	1.04522222078803	1.9895605008883
-5.04078927774545	1.08733665775823	1.58095358117055
-5.19588305945103	2.17669672870858	1.4077396816186
-5.15921750550593	1.89752755181405	1.16986843937642
-4.94636611139266	2.32839523661365	1.04478335743926
-4.60140814320122	3.25836250865946	0.887684026476008
-4.2010918050925	3.24980431935481	0.66310932791757
-3.59619573389505	3.58628548364071	-0.0402987285751154
-3.4906698817822	3.41071922076999	-0.307460926594733
-3.53923242846673	2.61509163772441	-0.380705811149429
-3.00081093041222	3.12480427487394	-0.301228966427843
-2.68590106825619	3.14369362596629	-0.0845595303602222
-1.58111130199367	2.27791743435704	0.0331162765675199
-0.893715753284058	2.86486993802489	0.127850335438408
-0.942670091239634	2.89325235267838	-0.149605828682725
-0.265027104377249	2.71906636516747	-0.771179954095818
-1.01807130226456	2.60962753879276	-1.26199679934283
0.0638429017047422	2.45401205722093	-1.86632643209336
-0.271503066538199	1.70616883236269	-2.11800348229876
-0.610007497878628	1.77255003969386	-1.92517448734225
-0.732692765382433	1.09453066244718	-1.43913647449163
-1.0933432504808	0.335198604189737	-1.02320206173043
0.321078229551385	0.147317872777175	-0.421498485764094
0.370228804880955	-0.0633117369503462	-0.0293309151035308
0.425380575745272	0.184563236088869	-0.234306807927972
0.782003242591516	-0.165327310316243	-0.246294154522255
1.75524979499192	-0.0653043659065641	-0.241039436700401
2.56440474851213	-0.086355223355605	-0.382642700011635
2.77458756410608	-0.37662167219776	-0.429780064753487
3.52212930331742	-1.12322037525761	-0.447064787385099
3.16378797946661	-1.26997993029603	-0.358075863452024
2.78127379615439	-0.984407466738396	-0.0873608795397629
4.01291644008108	-0.722675632168185	-0.0409906882278471
3.28642060704876	-0.546577492510622	-0.0303054274521428
3.5607373142214	-1.12785240127717	0.148941300818992
4.54941770265815	-0.906192173363062	0.100626691777752
4.52893976678875	-0.413019625722702	0.106911321147535
5.14355544302207	-0.422341915919958	0.301185622874927
5.76456258582958	-0.432095075569418	0.172154194993458
6.03549438313372	-0.800246060062933	0.169789135124373
6.25550224353558	-0.0765411749284122	0.244715647327736
6.74065460593353	-0.687237787435073	0.457674567527926
7.72422172412869	0.212922507437965	0.848897338559035
7.24524453112682	0.496671352879725	1.43459487118387
7.46093531337853	0.378435791930134	2.06588864064457
7.05245355538905	1.2906672446554	2.50516988143783
6.91215162126362	0.990533050049144	2.67858046054153
6.70812499362113	1.58672141011389	2.79726108747313
6.59241985446256	2.02691785074811	-3.06600091397918
5.56545705104372	0.949181927933746	-3.12647368788316
5.55788922140634	1.49501675056474	-3.06580673805273
4.38244328156018	1.66726967889728	3.04739373138731
4.70782043086392	1.08665577835209	2.93487382232081
4.07198862382836	1.44825258887122	2.8667976114021
4.17225845133201	1.71970333757114	2.85865576232749
4.50365724312926	1.45139710884414	2.82287551044263
4.21111999431361	1.83619759305577	2.7490228847207
4.28018080952175	1.25899172440135	2.81289792654831
4.14355979396061	2.03788670749536	2.72797140906715
4.47520302492219	1.07134068810286	2.72295450244643
4.3948790610859	1.51945998769388	2.45139684915262
3.96964382413286	1.93065785707557	2.25304376561105
3.94946534065274	1.67310832095686	2.10114682684747
3.9421064420795	1.61464102731512	2.05611836590207
3.64136937587583	2.36970421245656	1.66037791068954
3.89407371941138	2.13611056374697	1.71386954721155
4.38938811209359	2.22470822171363	1.64607718741406
4.04486932883153	2.82099399199766	1.78359728547491
3.59638472053738	2.86445442370905	1.96213573504929
3.63241285215549	3.38874273129216	1.87085421657843
3.62002615587654	3.32917446138259	1.76438100864606
3.55763955123685	2.86979829395514	1.54798521394208
3.44819212486799	3.30683341675036	1.4609362917496
3.2612303423778	3.40001660463638	0.882077961248109
3.41115142155955	3.30297883992283	0.217780969829234
3.97089444990314	2.92598634498575	-0.385878273697823
3.64869216989881	3.4401985715068	-0.91465218498344
4.06436055014071	2.95996959693427	-1.31412452102093
4.17628241469234	2.64795654109009	-1.6247764961659
3.62037573913992	2.34847141113612	-1.3669771308487
3.68981197077248	2.26280469780125	-0.847414328987841
3.80456520080321	1.70941696120506	-0.146687753028508
5.11323773434629	1.52232834763965	0.0923118160949017
4.5713864040085	0.951341955721358	0.194160655078151
5.08581028075358	1.71023442282193	-0.0171372634663554
4.60502008561779	1.27029399880186	-0.0020727030112016
4.85380400511997	1.66755432925484	-0.112696313379797
4.30428973482677	1.41746208455814	-0.0907111031672935
4.9469904164412	1.90866010372155	-0.134950548423925
5.36309613266665	1.54796057606764	-0.0500915634509707
5.96341055872789	1.61266073539491	-0.0915019808941569
6.5765585223494	1.11977582329023	0.237818269909723
6.37380493192263	1.53823130013811	0.824158725824374
7.16964080457445	2.27404020304195	1.31815085974592
6.95498694793708	2.10370457853799	1.19628177804553
7.06419369042694	3.25782019994663	0.870735688841533
7.13273423319203	3.32489464371389	1.17997741196166
7.16236670586194	3.46845813045032	1.76246263382191
7.09282467094059	4.06498579139104	2.32107335761017
6.45665305789441	4.84860859116592	2.80871490553595
7.10459973229375	4.53242623392259	2.80474531223396
6.37204475602836	4.30907107269738	2.43747695234431
7.04140922086324	3.67340332664699	2.01821613569919
6.97479890608133	4.58909545482793	1.90277632333238
7.09771247654087	4.10723715792561	1.61903416597576
6.49893818139341	4.59437163522673	1.27482205527592
7.43932493703859	5.01542604667284	0.531450059364516
7.91212276726628	4.79931767299969	-0.0143896299040319
8.75281930646225	4.4021166786151	-0.130121913551251
8.47876021669113	4.6783028562577	0.166720655734643
8.92290613669134	4.5214865433624	0.327686720127591
7.98987432722803	4.36908215708792	0.337196451167434
8.43668568077902	4.56745939612776	0.257639340175317
8.68102451790289	4.61909009703088	0.00613261835928865
8.35735699440082	4.70776951203699	-0.564343184388385
9.26411958735468	4.51932614060026	-1.10743130423234
8.59515106581275	4.06531167186261	-1.78831991004837
8.88555674636782	3.85068037448045	-1.91938456190367
9.3343593613426	3.96517773995865	-2.10073982248849
9.39071221061153	4.03833886861222	-2.47516532132434
8.55327898175604	3.96846553098549	-2.97438125048925
8.11682117711646	4.44595367450845	-3.08538694684898
7.67496449852116	3.93477409914625	-3.02459494260071
7.20448722001333	3.63918973416105	-2.48408567176965
7.94266583411328	3.43231744081281	-2.09803417046516
7.90269275292523	3.05776989194295	-1.84451122830458
7.69631748424681	2.88120080452446	-1.55865558281277
6.93772637579322	2.65656127816453	-1.35367226292953
7.57192041837551	1.90763838984301	-0.979716630447056
7.62840707744742	1.77203518733324	-0.736380121496023
7.37012626698644	1.33979622290373	-0.609977365099811
8.56059545740532	1.66546194828078	-0.0456753669953898
9.30602215691071	1.28110281749046	0.0228140973660741
8.74819665715494	1.12857781798707	0.115610379019864
9.11618228942277	1.33786920591351	0.130699586117156
8.78488188232861	1.32853415450618	0.172731995287516
8.9745734731608	1.41973394666803	0.0162973851622912
9.20963545602793	1.23804205498978	-0.184466460536178
9.77637772749945	1.4375409556253	0.164758662659275
9.67085261255034	1.6318231352916	0.552694607806723
9.9608697336262	1.56170741587399	0.371954367797737
10.7403438580507	1.57481229166732	-0.238065128114191
10.5764769281106	1.77416645579554	-0.634738037836234
10.7664168250946	1.78298381465063	-0.550333598349209
11.7045022539547	1.08370836039952	-0.406635917330386
11.7308057215669	1.05634848465024	-0.036925070087831
11.2127996937624	1.35585486261076	0.0948576832125272
11.9958218767347	1.05161441056328	0.307608121354566
11.8572585812237	1.68712733916842	0.618387175938009
12.5353253290413	2.02927521573712	1.15847420314354
11.7853736357783	2.35735161209353	1.28889505784219
12.0271523834493	1.7843011077596	1.24046399154144
11.6677995002949	2.09835335859922	1.36184882835614
12.0669422102603	2.4796207671678	1.77622345680866
11.9784107785207	2.59248787069982	1.92973268130649
12.3403424867578	3.01333474991293	2.00699172681049
12.082542385767	3.4555404207869	1.85519552933024
11.8488178847421	2.97676263380207	1.9080676329062
11.9883469826086	2.83763219485968	2.58930524810455
12.1028385390654	3.39603672454378	-3.15329125066521
12.1056853583321	3.7733253635479	-2.58050568169628
11.9575812914538	3.18945152598391	-1.70892371401536
11.8662832441379	2.06639406803045	-1.16635113387414
11.9740524539028	2.31223615223411	-0.953651480922577
11.5501397765488	2.48449888960456	-0.772781929901547
11.886557650997	2.74691205701555	-0.654780290604349
12.7164759276598	2.44025715499368	-0.649449700265335
12.4851298442035	2.51898417588146	-0.710461567012225
12.6325835650045	2.41977503664213	-0.746433451106433
12.3584814535469	3.17477305560039	-1.06788374053799
12.6827226994852	2.32553681721158	-1.07990893016861
12.3061523526508	2.00709167591401	-1.31666244272564
11.8129305588921	1.88439716065183	-1.84233214933839
11.9033218300824	1.24076914830685	-2.38281202164337
11.9601402876708	1.50836067013326	-2.60037251815062
11.8152543280514	1.46525879823737	-2.55955951983125
11.5594547248394	2.18894880051852	-2.55148619842281
11.8792086225178	1.50814917253456	-2.56501174741404
12.0338415649545	1.56966097007306	-2.69626810847976
11.6389351668083	1.79222165397636	-2.92361695793351
10.7978581827084	1.10287393933874	2.86516386938489
10.5527154351972	1.62751165554887	2.85189822093958
10.0965035726272	1.78347259259924	-2.96390038084367
10.5007003606923	1.33164916491021	-2.906389004554
9.14129502388498	1.93842793291726	3.16401047854896
8.58839684041003	1.72168619250635	-2.9505658414245
8.32387639234446	1.59563124868756	2.88976558255702
8.23760465108191	1.06577456721229	2.73723554417938
7.71680718864928	1.73050710947532	3.07131816237482
7.72865801811826	2.40571778267062	-3.15681026423124
8.30452637391977	1.32785420967348	-2.94402971132621
7.47570879077353	2.23194536343256	-2.80234091595256
7.00955048492052	1.03397343959899	-2.22216123493702
7.06398453210228	1.0935431981695	-1.87612030969481
7.04272153416097	1.54142413918423	-1.58650380577725
7.4709785896487	0.869371014723158	-1.13878943554036
7.57091428186578	0.979637752924042	-1.06328968796241
8.07685270072608	0.238973638748508	-1.13818138995017
7.97294800996821	-0.371634048979034	-1.3442696950155
7.66090333441034	-0.303515516587571	-1.74529245065191
7.90538960728854	-1.21507352105036	-2.28041669968645
7.11589226073163	-0.50009874313166	-2.82292464058986
7.1893361035315	-0.565356370004876	3.09241086760951
6.73794865577055	-0.767524663565608	-3.09545598469044
6.24082095138976	-0.554842933740871	3.06967540769517
5.01795003492294	-0.730785914592953	3.05563014195701
5.06857931399759	-1.32257286528592	3.05461847834442
5.23012049287313	-1.17782901092039	3.00279244803122
4.18034658235235	-0.353871072357372	2.88046586778974
4.32838748935978	-0.702420676231977	2.87709608314317
3.76993764504847	-0.449670399575136	2.86305596669688
2.79813573191853	-0.739613528619538	2.92733159544329
2.96729122073939	-0.722771917330445	3.17991075629408
2.14071961023501	-0.837837808384993	3.03139084363179
2.01974861773723	-0.862992775288124	3.05602898016835
1.2345813387409	-0.0584094734551059	3.09059204393167
0.783615511053773	0.217989708572665	-3.13255988445399
0.874428832746794	-0.971843495800994	-2.69445533779522
0.0808103828850948	0.0496455944039766	-2.3590031872306
0.198723678792145	-0.701405575154702	-1.96179295673843
0.00729964589149434	-0.532630269961078	-1.83536261820936
0.742525215806466	-0.664512310297024	-1.87610634393396
0.338201224406978	-0.963279909096562	-1.82006866729332
0.457905378740434	-0.512379406947929	-1.85864869240417
-0.0699011967071912	-1.04995508385185	-1.78039083840192
-0.473865725417167	-0.65714020949953	-1.83834655941881
-0.144320270543022	-0.897639863049407	-1.92356255784838
0.0783496955772568	-1.00158633963058	-1.83022636316172
-0.132307584623299	-0.824874601432606	-1.87633369402036
-0.0559983480711944	-0.840339106513434	-1.76795810211522
-0.214983269317957	-0.971212539324511	-1.86760865524438
0.164749773382489	-0.728000865861285	-1.81831696821106
-0.598287666731019	-0.86505930974743	-1.70121313987845
